    5653753
    6923131
    2055379
    2675511
    4316715
    5017319
    5166635
    4491607
    4952497
    5444227
    3745135
    5161370
    1734634
    4807746
    1999097
    3218918
   19696939
    8213524
    5337526
    2021934
    5525735
    1149870
    3956086
    2999068
    8904084
    3778621
    2267425
    5435276
    4705945
    3447890
    3008199
    2058644
    3261924
    2371202
    4100886
    3903884
    3028267
    2740687
    5461700
    3818055
    6836483
    4554237
    4952255
    2732645
    4264176
    3752885
    4250758
    7865428
    7201784
    8630682
    2156098
    3273041
    1763231
    5595267
    4651866
    6941173
    2390534
    3258837
    3004429
    3600467
    3164972
    4350573
    5286212
    1619683
    2551252
    1756069
    1882131
    4052733
    3836721
    3452382
    3982767
    4136425
    2525375
    3347767
    5500818
   16549064
    4590423
    1904842
    3871344
    6313221
    3727364
    4066618
    3807496
    5966193
    4250553
    7495092
    3351383
    5906596
    2025297
    2364478
    3426169
    2083447
    6782425
    3410878
    3753720
    1270499
    6412623
    6694797
    2344689
   13575224
    9652350
    4758476
    2738052
    4429512
    4467728
    2792031
    4888774
    3248660
    3570392
    4219263
    2954086
    2993069
    3784230
    2097022
    4155435
    4882985
    8894598
    2018785
    1847826
    3780019
    4067566
    3445076
    4286645
    4263629
    3810007
    4780607
    4015749
    7592272
    2383840
    3939804
    3376145
    3199619
    5787594
    9262754
    2544857
    7217634
    6363241