1929245.11374
12335139.5147
1925802.2382
252261503.771
1929245.11374
1861760.62698
1929245.11374
1887299.08935
1876454.00306
1858178.59122
1883376.16625
1877992.23688
1853279.14427
1965964.3737
2163943.81677
1940204.88845
1902940.83643
3635760.49598
1929245.11374
1929245.11374
1929245.11374
1837055.40364
1835996.18475
2493343.41862
1959468.10789
1929245.11374
1929245.11374
2139582.71992
1929245.11374
1880812.7146
1802893.18015
5114057.49347
1935820.01422
3232222.22558
1867297.38568
2429327.90416
1777468.25438
1816672.94639
2160921.72603
1929245.11374
1726117.39203
1905592.73246
1761994.51063
1850594.32575
1680663.77277
1828444.04775
4425432.90914
1980109.56056
1956061.73281
1925548.34874
1979734.98359
1850617.72483
1843123.87802
2103853.46954
2343894.72532
2027791.62951
1919636.33864
2053427.69106
1780679.57012
1894062.33643
1929245.11374
1913402.08182
2725705.05102
1902940.83687
2114393.95041
1902939.50462
2000815.70978
1929245.11374
1862659.427
2406961.93682
1878546.70214
1805271.36319
1929245.11374
1893031.75288
1851002.08238
1812657.1786
2086854.10595
1888001.51387
1879815.9258
1854014.4935
1929245.11374
1849523.35699
1837321.0415
1854353.35963
1929245.11374
1894912.82142
1851472.95008
2247050.98757
1787974.81774
1807530.162
2575762.78173
1773887.14283
1833657.73331
1931958.75339
1768797.40332
2739231.20279
1783918.37865
1879982.52265
1847012.82917
1830310.90454
1792070.26376
1983956.2312
1739735.51034
1775944.56898
1970012.69502
1929245.11615
1847620.4765
1973346.59202
2288763.20681
1857460.57376
1953765.91174
2255797.46837
4515984.24627
2039530.46122
1849187.9252
1852515.6657
2071562.01167
1877693.99284
1858575.31175
1929245.11374
1856271.72704
1812451.59151
1817400.19862
1798033.42349
1796865.15068
1731353.99287
1979788.24039
1929245.11374
2.79685336947e+11
1727054.53178
1929245.11374
1769258.93914
1890958.48301
1775661.84463
1929245.11615
1844183.90692
1755114.18229
1786001.04693
1847620.4765
1929245.11374
2089157.7996
1929245.11374
1911113.41777
1701332.60355
1808543.59837
1860098.6195
1853819.19686
1857922.01915
1850819.83594
1822864.08013
1960546.37146
1967978.37544
2092071.58194
2103853.39257
1751768.73025
1751005.76076
1929245.11374
1855681.5086
1929245.11374
1842058.3984
1765651.80883
2008870.70114
1853459.54381
1929245.11374
1910201.33074
1753771.1578
1929243.65746
1857586.35238
1838924.44141
3463216.8015
1995014.80866
1909428.88645
2040628.19094
1791085.61855
2882789.05965
1705501.0006
2428821.90761
1780063.38599
2196583.12049
1883225.63859
2038279.27748
1944028.01984
1776260.85663
1906785.79846
1929245.11374
1743151.47117
1856255.73423
1750970.73982
1695881.95611
1902939.34514
2575454.857
1907255.49051
2264867.54064
1882791.2421
1984867.306
1732657.89603
1778299.73929
2325816.17968
2180644.30865
2150782.83819
1952303.21018
1780080.0518
1897571.65789
2725705.05102
1961668.76913
1909698.04573
1827533.60501
1979788.24039
1909698.04573
1836803.21572
1798127.255
1694018.65542
1929245.11374
1929245.11374
2036080.49033
1893031.75288
1759233.45484
1881620.05414
1722180.09656
1929245.11374
2036469.57403
1888909.16767
1773843.07079
1929245.11374
1918135.03289
1836651.36606
20666469.0544
1927685.21065
1801283.52717
2131260.36586
1929245.11615
2001837.68984
1902940.83643
1795221.57512
1859447.86269
1794102.42239
2465774.87582
2037225.17135
1979678.34444
1856375.37933
2696927.51874
2580079.20954
1847620.4765
1722219.09298
1863216.25834
1929245.11615
2395120.43661
1852688.2817
2039530.46108
1853518.68669
1837840.38332
1929245.11374
2725705.05102
2590407.71787
1916571.42501
2083664.34863
2725705.05081
3261378.34643
2233634.84109
1852714.96856
1814457.04491
2725705.01492
1776953.12037
2493342.9509
1946356.61237
1929245.11374
1847210.02853
2191845.66558
2161747.66896
1949759.58697
1937185.19577
2000941.81174
1791979.37213
2451693.03233
1845481.79417
2794383.73278
1946870.39402
1743158.67852
1751123.55492
1774429.43495
1889029.77956
1727354.61101
1947815.13804
1915896.38519
1751443.07607
1929245.11374
1911628.01484
1987543.47011
1929245.11374
1948927.18882
2409205.66216
146626028.658
1847620.4765
1971693.71729
2084577.50255
1929245.11374
1854278.77035
1940003.38235
1864858.9815
1946276.87626
2157074.87679
5051369.1261
1849882.85713
2705568.55257
2087532.72171
1782990.13413
2008870.70114
2716082.18166
1979782.78515
1849187.35873
1956987.68338
1703123.45953
1770410.44316
1856673.96547
1763080.78183
1786672.8957
1759801.20534
1844742.45478
1929245.11374
1737001.26957
1847620.4765
1929245.11374
1773709.15048
1893031.75288
1848395.11389
1979788.24039
2277071.94999
1987543.47034
1800513.79515
1756499.26113
1771171.85118
2062257.47696
1910206.10793
2221737.52512
1929245.11374
1834106.33677
1833808.84486
2022823.03056
1911320.52844
1726418.39991
11459705.5846
1874238.68153
2362726.15017
1889296.72758
3615711.50666
1979788.24039
3526457.28442
1979788.24039
1749857.0238
1978326.51125
1849755.60022
2145398.88097
1733251.1439
1961275.39973
2696927.51868
1798337.97363
1935617.25099
4425663.26494
1993116.60062
2861854.37831
1708891.67607
2316224.34458
4.31043111875e+11
1845346.68402
1929245.11374
1930268.21296
1845659.59595
1836168.36334
3939719.42357
1705281.21953
1854043.35986
1834009.12533
1873174.61996
1945596.72967
1874340.2829
1802726.08065
1810406.95848
2501203.83054
2725705.05102
3315615.86458
18861452.7292
1996965.80372
1929245.11615
1764610.4727
1948353.32804
1960761.01304
1869501.94502
1893031.75288
1862435.05897
1847620.4765
4515583.61514
4515990.28753
6131581.5333
1770588.6969
2442049.01028
2347547.67257
1948344.94024
1764610.51188
1853629.18716
1900724.49866
1907387.71743
1929245.11374
2442049.01018
2264946.30162
2018342.00588
1710527.55269
1855280.96377
1824268.78889
1930891.94438
2363391.48728
1929335.35713
1882839.34844
1908938.11883
2220827.1615
2565812.61343
2002525.93318
1832178.38725
3542575.52607
1827533.60776
1979431.59821
3448755.0393
4300571.99518
1902924.49491
1833892.92095
1821874.09274
1929245.00604
1855770.58051
1979788.24039
1967871.37901
1884626.10146
1928194.79656
1929245.11374
1853404.61479
2682319.65389
2335338.95181
1903427.66993
1811188.50846
1963456.13162
1770892.29518
1743429.44483
1712431.1223
1793005.01358
1903254.7904
2149565.32815
1905631.74103
1824993.64086
1941319.95399
1749121.89527
1847620.4765
162273459.775
2392320.1432
2378033.80968
1821848.64447
1765914.56789
2354470.76295
1929245.11374
1874554.08342
1772212.08122
2054317.88455
1980423.29492
1893394.04065
2023399.01252
2273323.9587
1807701.0663
1855951.73221
2171918.29003
1946648.19669
1820702.69781
1881156.25884
1741538.48573
5623125.7082
1756240.20998
1709107.41665
1755657.37503
1746249.89884
4515988.31604
4515988.12788
1971658.5922
2209578.44054
2293560.93739
2048786.1845
1789386.04277
1784014.74803
1853825.96414
1733497.98295
1802767.46445
2380142.26236
2121580.51614
1929245.11374
2203353.9469
1855794.91718
1893031.75288
2358253.74011
1902939.31365
2203235.28294
1940897.53537
2349812.01283
1866437.87929
1929138.32941
1825790.4405
1847620.4765
1797217.47925
1858748.37894
1708082.90231
2016834.38512
1902155.04615
2879956.1425
1929245.11374
2875948.35649
1763518.48339
1756688.894
1839709.12014
1730553.62586
1929245.11374
1819932.65144
1821660.96232
2116967.16062
1796044.8598
1694236.56643
1972679.95917
3016340.46525
2725705.05102
1804538.42674
1893031.74535
1801803.43429
2139537.38009
1857348.06516
1847620.4765
1746470.27559
1893031.74535
1965340.85594
1734296.07266
1698948.04344
1849481.41081
1921393.76954
1822402.09638
1805032.11882
2437967.6362
2378033.82913
2249210.42112
1751321.09202
1784429.15682
1706990.63375
2123975.08295
1853234.89249
1870356.54816
2069208.57893
1891297.67349
2459844.75904
1839360.82415
2331609.26012
1690768.58397
1820813.54935
1706866.84483
2725705.05102
1684840.10834
1791045.63326
1924086.6009
1900992.9532
1740441.76489
1982820.27676
1620148197.83
1917689.55461
1852683.43373
1738726.36338
2551583.9206
1780143.61127
1934860.46646
2071311.68835
1653546.01087
2322875.80941
1920062.09963
1804905.70731
1847620.4765
2362174.04921
1893031.74535
1778056.35073
2508134.04552
1749598.31784
1746618.5874
1888151.06586
1854830.14199
1838867.06753
1811631.07998
1850866.61987
1759411.38135
1902940.83643
1752572.83584
1884047.26434
1802976.74939
1721175.91235
1743357.34334
1776434.63113
1805620.65295
1745958.87938
2152899.07738
1893031.75288
1821981.40574
2781484.19369
2452470.23426
1893253.11682
1910246.51693
1999945.8996
1929245.11374
1700579.71973
1895704.16495
1860142.79022
1855063.17763
2046356.64972
1944919.68136
3271678.90173
1760765.82339
1704441.23671
1816403.44238
1847620.4765
1800369.43838
1825580.74245
1831287.96224
1809719.20798
1847620.4765
1801937.96092
1752596.36272
1729364.32641
1803231.40329
1898866.64278
1805793.08182
2049342.58109
2121401.16112
1902940.77525
1929245.11374
2191996.72712
4040211.80002
1781916.20185
1979761.81674
1972680.00638
2474926.77317
1893031.75288
1868788.39733
1877946.21184
2122876.83704
2365629.99189
1730562.42711
1730617.85897
1940357.74328
1711746.4879
1790740.76975
2253466.2286
1862543.90099
1727592.01909
1929245.11374
1792525.39665
4507365.83056
1822013.5844
2114668.16387
1851313.88975
1811135.7823
1845049.36651
2009783.10303
2001855.44403
1956173.92458
1706733.66054
1796521.8617
2288837.27596
2598481.72982
1779142.67521
1915312.66187
1758494.99073
1860995.50811
2124986.64917
1847620.4765
1862430.6446
1721259.87204
1845888.00788
1979359.21474
2696927.51874
1852166.26967
1764134.28815
1859092.57091
4047706.06204
1779068.326
1672647.87113
1759947.46769
1742985.05092
1930831.51471
1816055.92888
1875994.16897
1735675.09857
2294598.50957
2006554.06428
1949058.98501
1775959.18239
1854945.54801
2407937.70641
1836701.24359
1872336.28634
3175287.04493
1838887.0375
2116362.57483
1834039.58571
1847620.4765
1764750.58275
5364471.51856
2344166.75132
3290766.65846
2033148.69437
1929245.11374
2260253.03215
2676013.28172
1745662.43668
1770277.65131
1914421.40532
1929245.11374
1810802.69051
1926377.50907
1908630.65035
1882869.07327
1745136.0794
1767257.37631
1859631.34663
1979788.24039
1872329.00703
1967725.09692
1851693.53762
2696927.51874
1790616.891
1942863.71601
1944919.68136
1771495.46794
1891114.21999
1850048.61262
3275328.34516
2053452.63632
1929245.11558
2696927.51868
1913352.37098
1900985.05116
1853349.19898
1826356.42316
2118281.52561
1765820.76722
1764982.97641
2100242.02288
2722997.51907
1868804.21456
2069957.26438
1798062.58688
2386606.4086
2025802.70311
1852172.05227
1979788.24039
2725705.05192
2049298.21782
1841245.05344
2656424.52138
1856177.00872
1847620.4765
1859367.91506
2078176.55964
1997538.18965
2067037.66011
2725705.05102
5.38099461367e+19
1767906.38093
146322038.298
2356072.26776
1725327.20562
2132244.91924
2145274.20019
1902566.18621
1831586.23648
1855844.53969
3072619.35454
1941758.08214
1912120.83141
1911460.11373
1929245.11374
1753274.72338
1820349.6109
1752921.79409
1808093.38013
1857519.06072
85078844.8317
3040212.39659
2536070.34453
1710125.4156
2230045.39271
2009948.65666
1902760.86566
1764608.07488
1929245.11374
4169753.90366
1854756.7335
1765671.77165
2184255.48474
1751768.13327
1688301.55758
1863015.86411
1789668.69552
1872796.85334
1991268.13967
1828819.51866
4162677.49427
1838579.54736
1718775.00735
2172830.74966
1979788.24039
1809358.30973
1921827.86303
1761793.97512
1929245.11615
1927062.33824
1950736.32198
1926741.46545
1788630.20178
1756524.89948
1767684.49783
1779051.64927
1767645.46077
1946390.92337
1853756.82666
1778638.37734
1980429.61189
1913827.04912
1681126.52477
1737921.09037
1738492.66686
1770852.96022
1734674.07002
1823498.35303
2031136.7538
1732190.10322
1727286.83231
2020709.41573
1651218.00639
1716753.10859
1766727.67471
1896081.75759
1855541.81572
2240127.19766
1789779.24799
1929245.11374
1814543.84734
1761553.18033
146626028.658
1893031.75553
1692663.22018
2030996.74207
1819257.06861
1801644.44329
2725705.05102
1811238.37314
2725597.13154
1800513.79515
1929245.11374
1851549.85631
1896372.10115
1698356.14294
1853525.36371
1825611.92268
1861867.45836
1942508.61006
1753985.94847
2083363.17297
1853563.54744
1776329.22877
2064548.89093
2409205.66216
1826200.53991
1854339.61735
1776164.82093
2099305.16283
1841454.26283
1994683.36877
1719854.65055
1894787.12735
1837063.59043
2725705.05102
1746586.52623
1852053.45844
1888330.82813
1803901.77005
1841043.39174
2800474.55608
1737467.16707
1886475.79298
1705745.78453
1955441.88461
1926208.00338
1777658.7454
1760218.62239
1903722.3381
1830603.47261
1842296.94307
11821444.4504
2783444.47736
1820456.86426
1666062.85573
1832983.16843
1893031.75288
1837367.15313
1911799.16657
1768644.38379
1789224.60857
1902426.21595
1805082.21068
1898117.35671
1827528.76359
5688335.58014
3275328.34516
2684634.21491
1694024.15629
1868559.00546
1845833.8487
2064826.32408
1827106.38751
1872520.21578
1821773.13067
74448853.9311
2608392.98463
1864041.02769
1839681.12251
1868018.20467
1847620.4765
1759581.26524
2160315.86895
2008870.70114
1818871.22485
1909447.30521
1842469.7506
1827989.43384
1783086.57541
1748617.81724
2550476.16297
1902940.82678
2478452.29978
1929245.11374
1782755.78846
1718144.53785
1809609.45869
1853936.69422
1759106.17625
2425871.09594
1866210.27081
1721258.88593
1867334.79484
1929245.11374
1828872.7617
1931787.36319
1820349.60397
1795278.06669
1845364.75797
1854699.21951
1762129.73057
1668799.98181
2517384.36297
1838306.02486
1839160.69258
1847158.24935
1731279.33479
1937023.34575
1753479.87947
4385286.27719
2525998.83024
1814543.55113
1735356.05413
1799023.10673
1768110.23535
1708753.39842
1740146.46467
1708395.13023
113768745.087
2099305.16283
1852437.41144
2950364.62216
1886415.32163
2930683.64458
1836344.2933
1928807.61436
1771908.96367
1891335.37183
1761632.3843
1996220.1603
2014608.21045
1738056.81507
1928687.43691
1854018.05402
1969858.4096
2233403.17271
2624608.66988
2019684.04406
1846585.96688
2008670.71244
1770360.18254
1961258.923
1929245.11374
1701206.27784
1811996.55049
1860960.48389
1759059.03918
1980025.94714
1912408.34637
1697592.20689
1979311.55868
3428899.8552
4515990.28753
1797468.75878
1659948.42048
1840769.99792
2033170.56675
1823661.09927
1746109.60675
1735562.45627
1734540.80681
1854414.76612
1828293.1509
1847723.14874
1727015.02706
1763964.87259
1751642.31464
2480975.24086
3068170.62707
1796660.54467
2158983.0089
1866023.47791
2653004.02369
1867351.92136
1613008.37593
2106121.83297
1830344.45902
1789496.58586
1782777.86328
1918396.7886
1849031.23706
1815910.28233
2725705.05102
2386891.01735
1943522.74323
1787046.66441
1821341.89662
2183973.9184
2725705.05102
1931653.1854
2773354.21007
2067880.41209
1698715.3111
1769987.99239
1941855.2832
3067888.56602
1790671.85498
2032249.78315
1764065.65533
1821609.97535
2019380.41392
1823836.87916
1837424.36811
1791529.61535
1849444.63819
1775065.04595
1817932.27237
1857249.50388
2631018.07123
1829544.46775
1772860.9768
1754027.12927
1753115.72991
2227903.07232
1809306.16515
1902278.96229
1825409.61673
1884730.46354
5414410.67565
1843600.15714
3870319.33548
2664780.79657
3138196.00796
1733799.64506
1936634.97797
1853261.80782
1725880.90742
1728966.90568
2108443.0037
1921430.89844
1722085.1941
2021543.39311
1770998.60001
2018697.55273
1998319.09659
2441179.65658
1755131.56678
1830645.93415
1718887.53601
1743151.47117
1839616.92941
1990566.20195
2359776.91541
1900625.86694
2371731.04755
1964456.51845
1756299.32791
3644165.7663
1975965.57747
1716416.72307
2996774.08954
1876873.12391
2486928.50698
1795081.002
1792047.62045
1747276.2004
1717321.27698
1978399.04189
1756020.5448
1817092.13108
1812433.22069
1734768.25268
1689326.42072
1694905.26293
2650150.02967
2100774.61608
1729528.32871
1744938.07975
4253577.84093
1728851.22429
1789433.13131
1816500.04505
1861372.6284
1893031.75325
1979788.24039
1922906.1851
1853995.58858
1782879.71737
1936651.28373
1799985.6706
1742209.78604
1734148.0437
1770445.33921
1779755.85039
1698777.45672
1951243.89119
1847620.4765
1810927.69376
1739780.78905
1726879.82852
1716059.67509
2163561.10179
1785787.91792
1902940.84451
1800317.63772
1859004.81431
1838311.79672
1701451.21096
1701233.20421
1902095.10347
1930185.02966
1873931.03363
1733840.20264
1942027.83759
1872520.21578
2327024.93282
2115155.94981
1732924.4362
1866454.57066
2673897.7281
1879583.50396
1875074.53634
1850691.96183
1870330.01463
2557693.68809
33783760.6222
1882091.28739
1840079.02013
1801261.35204
1966873.78564
1770209.43493
1850558.35318
1744083.38823
1798009.09492
1788974.38593
1946140.00291
1799190.2566
1847530.72953
1744946.74477
1763046.47469
1730830.72262
1811171.64779
1862882.40169
1768697.3895
1807477.98861
2114668.15122
1841170.62774
1724406.35108
1684203.60638
2653775.75578
4515925.26391
2036550.84144
1933205.88174
1841438.80747
1771160.73924
4513125.88629
1969270.75352
2632757.56767
1744709.49644
1791082.54546
3484170.06013
1765743.76212
1968985.17923
1767675.33973
1734085.59182
1840206.92725
1765891.82857
1767428.71329
1939325.49088
1858716.91833
1697173.95055
1753385.95257
1817451.86979
2369515.18908
1724312.01579
1865011.07391
2637245.63303
1904820.69441
2009319.96751
1843907.68766
2954520.13439
1819437.38559
1760078.15511
1794451.6738
1877144.12752
2578133.831
1841158.34258
1950702.74702
3275328.34516
1844100.96902
1822960.63247
1772000.03333
1906245.36602
1843371.32542
3094761.80594
1893031.75288
1715700.21083
1815341.8433
1835771.04364
1774492.60155
1898117.35671
1866961.45803
1845192.05675
1729945.56611
1743948.34792
1856753.74982
1841969.63862
1866900.58656
1863284.05554
4703036.914
1679841.11288
1814477.53088
1988202.37723
1820280.96373
2985404.39064
1990590.55606
503874003.349
1753510.48013
1735077.86532
1857588.25586
1836161.78056
1971115.40095
1833264.38719
1801311.79994
1862634.07031
1825531.27909
1769526.46522
1869098.64961
1753678.6431
1744584.55267
1749595.34787
1857119.93895
1929245.11374
1746344.76455
1771390.16578
1768502.47319
2235211.98508
1840209.1117
3138331.39158
2391529.01779
1847620.4765
1832835.82309
1832582.43177
4507597.42205
1929245.11374
4478891.01399
1680311.60151
1675060.46506
1762126.23001
1771879.89723
1832116.21423
2399549.55547
1760333.58958
1884073.30678
4131077.45168
1942174.47982
2313144.56674
1906235.89081
1879025.5803
3028569.96673
1822227.314
2008870.71191
1787480.39455
1905123.15443
1910886.78052
2155066.10625
1837990.43009
1812075.78164
1805582.12016
1820733.62578
3845894.59483
2036469.57401
3301450.80686
1929245.11374
1708124.11763
2595236.19472
1832083.4779
1794655.48923
1789700.91709
1854007.39356
1904523.16993
2008870.70114
2926721.59641
1750318.79398
1856661.67545
1834536.24491
1703638.53517
1960765.30809
174785712.671
1824434.57732
1878099.54302
2014436.20196
1812804.25925
1904891.60493
1976565.87909
1731257.33892
1842612.63915
2084537.05764
1803299.91423
1930176.32518
1730280.47755
1718411.68518
1911091.0631
1783301.31359
1023258407.65
1710528.06352
1681630.1064
1792013.89425
1816873.39299
2567716.99514
1820789.5492
2077044.09099
1712692.41368
2098328.65075
1929245.11374
2060430.35609
1759511.04133
3587756.68984
2108585.22477
2280166.32096
1902614.29547
1901333.47425
1935494.07502
1736853.77378
1971310.25034
1732751.47593
1863379.29708
3277461.87239
1770205.69686
1930592.29019
1761037.45322
1735040.46205
1851465.41318
2307512.42004
1902760.8919
1888825.36546
2396340.12605
1734681.09448
1902760.8919
1807425.89304
1716305.83566
1824218.38558
1724224.44667
1821937.82031
1877434.24483
1789387.61943
1768623.72992
1712884.1146
1694981.36347
1856990.39862
1687832.61502
1673122.64911
1671947.47837
2546155.79524
2298002.13153
1800156.06151
1686470.54134
1721453.54398
1819587.51493
1828495.36606
1847620.4765
1735583.92428
1803956.80677
1693704.77338
1746440.26705
1809331.58843
1695522.28536
1749740.68493
1815808.18863
1771630.71837
1710903.41241
1710836.88784
9319891.74044
2659162.95494
2608392.98463
2382929.24834
1723200.40553
2007984.4668
1744188.97831
1796322.32866
2036469.57401
1784984.52735
1720261.32263
1996108.42516
1918467.34925
2395528.24992
1675539.29937
1879044.70271
1890464.17742
2142596.36911
2114668.15122
1788121.85
2566726.87046
2773611.68059
1953586.91076
1761750.27934
1932173.03083
2521325.56929
1909630.9099
1929245.11374
1807673.56095
1971909.39129
1751848.27987
1819450.93664
1751738.94282
2006342.02339
1793708.62554
1745791.99787
1888830.69015
2362373.75756
1677200.41719
1799527.65416
1888551.0486
1777098.737
1808822.60939
1792400.90476
1766621.10334
1769534.3897
2118798.06547
1751608.74515
1779941.27227
1782870.58539
1679493.90681
1709937.75443
1775345.22474
1791193.90645
1698275.41972
1929245.11374
1692073.53861
1696425.85849
1793124.84958
1746521.77846
1859154.25524
1761040.37959
1766783.29437
1839087.78044
1886415.32163
1879306.0806
1874528.06262
1899924.69603
1766763.57923
1929495.01596
1814099.3061
3318071.2886
1758775.07993
1668041.15229
1926433.57668
1965011.29875
2317493.47412
1736754.85733
1731967.18943
2712564.73118
1747391.86908
1790454.7387
1907099.87982
1837415.83769
3983026.99083
1784438.19033
1936036.28382
1819081.86348
1723346.54241
2541716.32862
1722812.81843
1767356.83299
1709138.69169
1832022.18283
1932528.59066
2098406.31745
1979788.24039
1731022.98776
2392843.86808
2338823.98131
1840540.16012
1917742.16798
1769381.11919
1774066.56318
1722700.63421
1656592.51361
1774022.76371
1766464.33567
1758947.74718
1710215.77023
1966636.46499
1997717.14269
2935216.47927
2424911.00854
1733746.22527
2164862.10253
1818472.45304
1851957.93725
1836291.33075
1692711.96372
1715452.78704
2040904.37556
1856871.64084
1929245.11374
2036469.57403
1738008.68942
1890798.83028
1744929.28459
1850636.67377
1844617.89287
2107245.85516
1823261.17309
1967121.99012
1829872.17515
3197026.17925
1716791.54439
2589862.68245
2402302.87885
1980187.58476
1824242.98219
1844792.86007
1840821.21144
1820498.38149
1943494.93214
1970332.80071
1836551.45084
1822880.73761
1824398.17588
1929245.11374
1893031.75288
1733086.66998
1872520.21578
1880102.28996
1928655.13733
1762973.77486
1890347.9851
3713872.99704
1929245.11374
1792977.95113
1744267.05879
1929245.11615
1859541.91712
2749609.42135
2356855.18175
1857897.97339
2303589.96701
1776151.56613
1646456.4989
2621224.41476
1745954.11398
2328674.8595
1735548.28648
2277218.10932
1692899.63603
2731978.06002
1706408.68386
1900959.56931
1888998.04935
1860495.39803
1841394.3507
1792124.71607
1760436.51909
1736267.45613
1720951.72455
1810370.02956
1679288.58068
1788595.17367
2048593.03837
1740129.17786
1928622.55146
1813660.78175
1709993.79321
1747714.78212
2212788.70381
1702855.83134
1936631.15034
1865891.81257
2725705.05081
1676304.90495
1746009.20454
1750181.71353
1758606.11631
1830557.33986
1757400.46591
1902940.83643
1703813.53384
1813006.75686
1917937.06943
1658286.1548
1689127.97727
2336088.2569
2062434.94843
1935938.84331
1684765.59024
1675240.11807
1950225.7034
1631855.19465
1806062.76227
1902940.83643
1816972.30512
2533699.83856
1994972.58244
3132444.82396
1959284.64185
1847620.4765
2101554.31047
1940928.84063
2573353.36001
2021920.98181
1719734.36971
1826255.83066
1865308.91115
1813573.91483
1742675.77507
1682811.07511
1913595.35052
1913195.78007
2207205.23697
1845891.54794
2023476.53987
1804328.98487
1782897.49149
1834904.30359
1777395.5969
1739808.18964
1680337.95713
1728907.99697
1925656.57826
1819349.17349
1854097.04317
2346517.21059
2050862.11866
1966088.23807
1787068.20038
1748234.7099
1831537.06571
1832668.0986
1728794.27144
1758059.95572
1747012.31944
1897571.65789
1754727.75375
1744946.74477
1693677.75881
1832661.60601
1652189.13355
1799636.63122
1845759.1159
2805444.36577
1769862.59559
1697542.38714
1779325.63734
1688350.13992
2257152.43697
2130511.20762
1811915.6474
1709138.69169
1758646.75522
1869646.04668
2097033.37852
2294311.25503
1741016.89929
1724161.02257
2141829.20352
1976174.53647
1906920.86324
1745042.52483
1979789.85335
1706440.41577
1965847.66955
1812104.03635
1989725.37383
1759298.29233
2337711.4147
1945212.02529
1979788.24039
2551898.89314
1902518.88245
1897862.779
1857291.38752
1808963.0276
1734728.1555
1902940.83643
1736966.53766
1953529.18546
1865141.29271
1764789.51527
1856097.68664
1825962.46645
1873754.59078
1927343.17491
2725704.94479
1743072.66371
1962286.69419
7115126.45331
1759298.31974
1815215.0888
1817372.67872
1872520.21578
1772383.93181
2377973.41484
3201336.59802
1853918.89891
3169850.67488
1976708.5855
1922882.86769
1838830.67107
2200436.30522
1693656.96242
1805595.30566
1928930.443
2450322.19373
1814767.03105
1970530.56032
1843907.6879
1762915.60163
1862746.44086
1898459.68917
2202863.40208
2603732.55567
1604399.87595
1755950.09931
2536735.27118
1853898.77092
1848040.61175
1809808.53216
5889996.18254
1970653.96802
1810595.83367
1811328.70362
1743656.96236
1866961.29787
1724984.29563
1793387.78068
2917038.03219
2809862.23454
1929245.11374
1858874.82004
1762705.13204
1780226.70105
1722211.76847
1699535.41264
1679093.3704
1687411.7678
1752386.58528
1816298.49946
3910956.96898
1860374.24481
3600153.25591
1821424.78284
1792033.00788
1663719.00427
2167317.97752
1768884.20005
1782196.1839
1823579.34286
1844618.73808
1853638.95933
1776927.02913
1821000.95456
1846578.33592
1797662.90585
1878546.70217
1925940.21165
1774643.17282
1895886.67699
1727080.96565
1673850.03761
1983461.78663
1929245.11374
1868126.08361
1777920.36835
1850628.94826
572012284.594
1744642.34976
1764031.7376
1812722.61334
1888403.5355
4153210.62784
1825233.1762
1793820.41832
1832858.52315
1929245.11615
1897571.98562
1726738.06962
1739358.77255
1704105.60131
1736915.03711
1893031.75288
1738475.80589
1827944.66037
4515990.23379
4515989.66562
5492582.57335
1725338.55334
1778864.52846
2087612.49866
1773766.73825
1749819.51226
1791129.1941
1742527.23476
1992693.61433
1929245.11374
1902156.67992
1857880.35555
1902940.83643
1857119.93895
1850613.881
1696413.49639
1722729.84275
1775200.21202
1753319.84888
1729531.91152
1800513.79515
1789010.00559
1922078.02721
1676283.27185
1959477.84302
1779667.44755
1901828.24014
1735779.07983
1857131.40732
1827534.91349
2078110.87623
1685375.47829
1815439.25785
1824068.19429
1806282.02314
1755679.04116
1669551.64991
1785853.15026
1767935.12026
1757137.73861
1705093.45282
1657718.80438
2142931.92883
4515989.6301
1672434.74364
1736307.75241
1642122.84284
1929245.11374
1722694.14848
1797235.89543
1717817.77513
2078760.60541
1719026.19218
2040677.28768
2569201.71332
2078600.18084
2141649.51266
1832777.57411
4367900.38451
2114668.15122
1934131.26003
3652321.26265
1858949.55126
2019377.29989
2345883.31905
1906033.24544
1887211.57306
1771703.89096
3239206.25531
1853986.87292
1724088.08919
2491278.52708
1721041.2458
1884616.47766
1864497.53216
1845214.6894
1772173.05664
1748462.51734
2452646.67486
1842184.06721
1914759.4668
1984303.69722
1822182.42893
1833448.59039
1767151.27687
1760815.90577
1693971.04315
1754641.53726
1743880.61652
1889322.23873
1839231.88917
1741792.39191
2820195.64693
2193982.10627
1862049.40855
1897593.56438
2005007.08765
1690305.91453
2058257.16561
2006807.44563
1734124.48761
1769738.49919
1812941.97144
1763762.5171
1789871.01205
1915199.93107
2222095.53762
1929245.11374
1903522.73538
1795223.36315
1876566.59739
1828739.25022
1868579.24058
2062875.43026
1840994.51457
1732943.43188
2243064.65547
2203374.36801
1713383.01392
1839352.17228
1870504.75192
1718991.50821
1828920.24778
1806729.04268
1933198.83287
1759717.53745
2025995.39447
3938095.63118
1838222.99387
1815606.24165
1788077.78733
2259836.05057
1701993.60717
1695660.54854
1735002.9185
1655223.53831
1745737.12939
1910830.64966
1894864.995
1827535.17971
1815662.14809
1685957.17729
1929245.11374
1736908.31671
1928127.07918
1705028.34813
1681300.09538
3051732.40158
1732606.22594
1661844.3049
1768987.30805
1855122.77111
1677961.47673
1763145.42596
1673709.40943
1938689.00377
1880220.36348
2599043.02146
1899820.07334
1728621.32194
1731163.97214
1947477.73982
1873512.35707
1896321.59363
1898224.60853
1666887.32167
1706357.78744
1747268.79937
1698244.29395
1695658.83091
1675426.55075
1775732.89978
1793387.98128
3449323.81705
2725705.05102
1843717.35284
1789447.94968
1869274.59571
1758148.67538
2557693.68814
1834759.4562
1779255.71699
1830099.6073
1667776.79808
1847620.4765
1986810.71465
1792924.33295
1893031.75288
1922714.20445
1908897.8218
1723258.31979
1803735.12353
4311303.64852
1890313.33661
1820055.30796
1937325.38352
1898118.13612
1845036.1782
1989250.37221
1833950.85712
1831261.28298
1790322.28866
1796284.78216
1929245.11374
2457174.03321
1866950.35513
1799842.59268
1785043.17248
1729274.06774
4515990.15838
4515990.04629
2739750.67741
1807481.94839
2395407.39391
1929245.11615
1956910.81725
1849671.41697
1801114.05918
1745662.43668
1676110.19825
3275328.35063
2725705.05073
1730964.33005
1792083.74129
1926465.9648
2364949.16993
1834077.68683
1856285.81795
721235906.003
2130207.52288
1831193.03454
1929245.11374
1851438.344
5881386.43062
1929245.11615
2735928.87209
1729960.03506
1985818.83925
1964912.50696
1710418.25465
1811766.79916
2105132.0735
3432360.4736
3377535.67366
1959511.06787
1917161.83239
1670697.39392
1880024.41211
1929245.11374
1830388.59234
1900596.96973
1983910.70206
1942319.76262
2658875.01672
1724196.01784
1654791.23584
1755397.29265
1735104.23768
1708941.21371
1979788.24039
2455918.22821
1831253.84415
1854855.11924
1777632.97647
2068541.79572
1779469.02492
1796505.74195
1692862.8276
2096028.28159
2612800.11933
1996886.33218
1979437.41428
1688999.72403
2284059.20942
1704604.8842
1838910.30589
1748311.48685
1691955.45493
1677409.11998
1735087.52268
1867550.27228
3700171.19701
4878152.2088
1743694.44041
1713555.75302
1942696.24576
1765446.08431
3784125.66616
1717257.39525
3502984.58388
1897525.35926
1688589.87401
1685119.81816
1673359.66783
1740910.20472
1725875.29436
1722711.1599
1705455.13464
1687079.93057
2456264.65872
1690574.61511
2728114.84929
1902940.83643
2089396.91066
1891709.29323
1756660.05789
1752172.7142
2422585.07446
1724400.67072
3312665.82345
1723952.54484
1663810.18186
1690314.86055
2157596.23126
2304579.60204
1927841.22577
1887805.35849
1852437.41142
3340252.253
1765770.22472
1844723.35067
1675253.86043
3413420.37381
2043329.77367
2263194.56292
1831903.79105
1751882.49845
1929245.11374
1823208.35535
2452470.23426
1804016.96391
1835281.31849
1910940.49109
1778506.37982
1740108.29669
1700581.79921
1909217.85471
1701330.11053
1863046.14916
1625395.74231
1826156.13567
1959418.57101
1801874.19897
1749281.24827
1942742.54057
1705247.32349
1822302.89099
1809047.32099
1804472.00163
1725100.64913
1918430.10707
1931789.50211
1774615.7301
1893031.75288
1619651.01424
1729811.41709
1779515.21665
1846246.22693
1746936.34145
1703442.75911
1642764.68619
1799699.13423
1779422.06631
1776750.26741
2430817.08105
1750072.89554
2125536.80517
1895238.48647
3714449.63154
2098729.57317
1730957.17025
2094609.28607
1837233.55098
1800245.85473
1740173.00591
1843907.6879
1893031.75288
1764610.4727
1757372.13637
1707791.22298
2768747.75875
1840410.66877
1892633.96882
2071403.3966
1803989.08255
1703396.2675
1827103.99877
2072005.34901
2057988.30354
1767514.41885
2120695.18539
2162519.01787
1700471.86961
1715575.03316
1725984.77226
2600379.35706
1929245.11374
1774143.20306
2190083.16805
1826652.63147
2004523.70127
1901572.60519
1913494.9328
1700124.31699
1846553.46208
1744993.1373
1899480.35415
1811166.13319
1762581.36681
1849766.43325
1653232.24646
1812506.66314
1807480.08088
2732594.26768
2286727.36859
1929245.11374
1715849.77862
2669768.62057
1746721.63497
1996063.6606
2361888.33119
1893031.74535
2072623.22823
2421443.43911
1897558.5009
1815927.33431
1841799.30061
2411562.35811
1713986.35234
1907491.71146
1711226.65185
2032385.02714
1768775.5633
1864601.30892
1812622.19889
1807095.59432
3478119.95421
1989963.22192
8792247.6655
2130768.88359
1919795.02833
1823767.67407
2067017.08198
3482114.85014
1894879.51838
1878468.71363
1873359.66189
1847620.4765
1766869.2952
1779972.84346
1926266.72466
1849478.0962
1649353.10616
1746276.16132
2302754.57168
1807896.78624
1642301.0639
1954166.49419
1909640.89912
1721998.90266
1720317.70774
2682319.65374
1788437.53912
1828451.32414
1796416.1069
3792281.63678
1746859.83856
1748232.12028
2167075.55526
2452470.60475
1826158.9175
1729189.35231
1789473.52443
1902940.83643
1902939.28876
1687945.97339
2617430.74992
1793516.76501
1727950.92946
2482009.52833
1867557.95543
1725880.90846
1896307.09736
1883853.04434
2180035.38666
1653852.19165
1758859.02166
1788561.06351
1770292.00867
2510860.51845
1822004.52503
2058276.78901
1898459.67299
1970653.96801
2356072.08338
2363934.2535
2020466.12628
2125732.29475
1884760.79032
2013166.85628
1932435.77477
1755396.81791
1813527.99737
1802440.6727
2008650.69606
2001204.65762
1970450.06536
1822986.582
2384895.4331
2107715.96688
2073396.42668
1929245.11613
1744646.20389
1785559.11947
1776275.0243
2531409.87963
1727532.23296
1674105.55082
1742093.38329
1669225.5199
1656218.37091
358679570.495
1902940.83643
1817131.99011
1704509.4535
1699992.85858
1674457.10086
3512760.08805
1791338.1327
2379747.50532
2328732.66481
1877658.03613
1674550.83025
1777871.62641
3178960.8679
1641418.58502
1817507.69488
1766374.01579
1698052.98467
1893031.74535
1691792.03992
4505949.78805
5219306.54653
1762135.76868
1766442.54677
2171870.72475
1755097.12158
1688326.32754
2054497.41686
1789119.06661
1813538.67359
1739445.97338
2253094.64736
1811920.14733
1781646.00659
1709414.39718
1696014.70686
1706611.80035
1770590.14497
1929245.11374
1652627.26189
1694954.9958
1683131.22095
1806571.24954
3306940.65223
1860924.69795
1821048.29679
1743305.75319
1898117.37268
1762878.55984
2010379.87556
1710582.58239
1719509.43453
1833448.59004
1801309.9418
1668763.60589
1757460.40444
1822305.8037
1792437.98357
2725705.05102
1790409.98292
1918527.81644
1748619.07497
1943220.06099
1865048.05724
1737098.22175
2454614.08175
1793253.87725
1776999.09763
1787630.83958
1850717.80666
4619577.50053
2068654.2308
1697447.79847
1750347.41498
1678246.67389
1927512.5035
1796513.39013
1847620.4765
1764531.38999
1777017.67036
1658981.20191
1941074.76519
1808589.15769
2152338.0008
1728078.9807
2268659.00575
1817279.84295
1692063.96497
1795944.9515
1759317.53224
1979785.0733
1727781.15524
1623573.43796
1840526.13641
1663828.49651
1647818.40691
2127645.49688
1685100.63754
1792310.95251
3868037.49014
1690115.43244
46580795.7616
1718761.57955
1815962.67512
1897571.65999
5847316.11018
1929245.11374
1898966.81657
1775828.83334
1712613.42732
1737489.74225
1764273.60451
1809767.41222
2025532.80381
1832224.61028
1927758.53428
1872978.26319
1871098.90096
1767768.70234
1827777.6467
1827533.60502
1717398.75104
1691356.78114
1867980.26641
1969493.71625
2110290.12935
1816729.9555
1790387.99177
1710821.43029
2044703.06242
1857119.93895
1936790.65643
1687328.38798
5393834.42159
1840454.92673
1696328.39227
2155563.80196
1877348.87523
2557414.02716
1780113.08604
3766788.01583
1680681.12087
1722744.52983
16454943.0474
15965372.7739
2009879.42517
4442239.26779
3431610.71485
1753147.58553
1847620.4765
2478696.82012
2974883.2211
1743082.19135
1928356.29203
2282707.23637
1677438.78264
1657769.38801
1683860.86388
1929245.11374
1943927.41268
1824967.5039
2288761.25766
1736042.93957
2127425.41043
1950673.70016
1718791.59508
1727026.91562
1937267.86156
2725705.05081
1697550.87494
1831735.95962
2725705.05081
1744102.19799
1763524.4884
1982141.06317
1789460.17027
1768145.54838
1711084.63423
2506457.72951
1843907.68794
1857488.28329
1695920.98289
2696927.49101
1764388.71708
1865999.00853
1979788.24039
1743742.55599
1872407.0226
4514876.18325
1733911.0318
1714984.46912
1844038.37837
1848495.38215
1860691.54146
1837494.07472
1819535.6713
2004025.56085
1851043.22794
1887589.78814
2015522.25171
1847620.4765
1979492.32464
2457186.18678
1914992.95156
1906929.80174
2355772.31184
1734274.58397
1904927.56817
1671527.46892
1799022.06888
1852718.22639
2043233.06286
1773905.52863
1834249.12095
1751436.30734
1862159.0867
2076493.2447
1929245.11374
1678133.7265
1704790.42113
1728181.8312
1786060.21394
1857232.66215
1852282.36353
1847031.8697
1839132.57472
1800165.48893
1739868.47593
1835827.37715
1821052.55654
1696800.15771
1671439.5285
2029971.33064
1783114.09657
1771299.28346
1770549.14405
1878956.74392
1870004.57172
2312043.57057
2768657.34371
1929245.11374
1893031.75288
1686307.3203
1899610.2974
2101745.66321
1845152.42047
2003763.12374
1892979.27867
1957701.46982
1929245.11615
2134954.10345
2019125.7602
2738730.6663
1788791.36106
1720828.37854
1785718.74199
1896692.52154
1810166.66899
1746270.25194
1794686.41289
4515989.37997
1659185.01281
1989505.0864
2252856.32765
1885113.0483
1929245.11374
2296404.2418
1679982.79555
1821972.54554
1758888.22118
1782982.46873
1726452.05327
1984266.43634
1777284.39694
1886415.96518
1774696.02684
1773199.87141
1737405.00701
1927671.92587
1876574.80911
1707274.75414
1703533.94802
1822493.96371
1672550.36977
1729676.83222
1736610.81699
1728495.84523
1976084.0861
1799579.23454
11001338.1332
1713595.17292
1673921.74306
1822334.23124
1794897.29859
1668784.22915
1839371.12913
1743812.33781
1781825.45055
1708912.27408
1854145.23079
1648089.55246
1840454.55434
3278300.15742
1813107.16457
1675524.77634
3069630.15648
1725623.4656
1653031.53109
2725705.05081
2090344.41085
1713757.39047
1970773.65344
2044913.3059
1760399.44976
1723335.47995
1715973.21734
1714247.24258
1833327.10946
1875578.08098
3619797.03645
1692545.35699
2295607.96586
1720157.22838
1690769.78713
1920697.15799
1689338.23625
1851013.18061
1767775.50081
1857623.10973
1714739.21857
1764205.69418
1847620.4765
3751245.26845
1790492.62663
2102475.82011
1861849.39891
1979788.24039
1719502.24277
1807671.67349
1768916.44008
1853697.89145
87485769.4205
2725705.05081
1697078.68202
2442637.85576
1817198.56592
1815006.60659
3239296.70337
1670209.5081
1809025.36552
1748342.05426
1732560.16872
1839643.23464
3043823.99723
1892036.59174
1660066.80484
1672298.54366
1983942.68105
1860863.83341
1928429.11857
1673574.67468
1929071.45477
2472802.29344
1881789.52423
1908485.66901
2094923.88932
1832278.8697
1860365.29388
1908374.16774
1814782.8267
1812366.40332
1705687.92806
1963990.09546
1704903.6358
2485743.90747
1919147.70161
1906257.75549
1768169.34325
1844498.39884
1897212.12027
1652051.58224
1826033.88758
1789164.41983
1770427.74673
1882347.59774
1886327.20389
1851632.7828
1672313.18909
2039874.36152
1868323.68015
1845795.76623
1638240.2919
1984875.87367
1694911.33869
1777948.67898
2098081.38772
1982162.77218
1859490.47108
1955111.72814
1885203.65383
2097549.17821
1827664.46483
1756478.71942
2261326.96221
2022614.60703
1902940.80609
1929245.11374
1739907.67485
1731888.21202
1702274.96796
1751224.28677
1828494.71504
1825014.60279
2344773.16235
2108827.96232
1674457.10086
1780003.05403
1788064.85856
1884686.03912
1847620.4765
1800464.68723
2442049.01028
1672435.76481
1878309.64805
1909747.57164
2153928.82044
1749221.17353
2383905.14024
1772915.07138
1777063.20408
1737116.89444
1825226.55897
1715822.72843
2285646.95443
1703796.38254
2843862.53332
1918132.16357
1891063.81077
1798521.56262
1872288.1568
1831512.88804
1824572.41298
1672748.79667
2173025.23344
1825144.89877
1786779.33618
1870027.18582
1709175.09885
1703613.64899
1823609.59321
1848769.51631
1736755.41559
1815230.44935
1813317.4054
2363973.91978
1843411.35593
1743190.78399
1741732.57175
1731214.06435
1690629.55061
3789187.67005
2003371.04886
1686639.45728
1650998.914
1830647.48503
3195601.05369
1980948.54587
1896197.66497
1810460.50535
1838695.8761
1722770.08825
1973714.08129
2004436.6335
1788550.28821
2652805.73883
2106114.43337
2600211.87561
1799121.89904
1784744.33709
2440476.76331
1757986.32626
1738922.48259
1821155.70105
1758308.33412
1759486.58548
1815595.08417
2913865.81154
1879031.12459
1960684.49597
1834293.35518
1652932.5264
2723703.23148
1806253.53024
1946906.91088
1711340.91133
2095134.16811
1807236.07767
2070343.41444
1974207.03893
1823494.29982
1899670.70162
2057007.0758
1726236.66204
1806502.09628
4515808.16938
1733775.0436
1900916.36793
1898459.67299
1661924.87877
1641284.49868
2099305.1629
1744966.40346
2165610.85153
1854444.44035
1754686.33927
1758417.17223
1823476.03942
1977124.84675
1869653.27151
2906690.6337
1641240.894
1852628.55506
1794049.82095
1826045.34658
1750471.98673
1743981.65289
1657660.93935
1668434.51974
1668401.08584
1963626.80528
1863894.18711
1929392.79613
1807987.92367
2708530.76792
1818587.85845
1772699.36785
2061656.54168
1753882.82336
1920526.2816
1700224.26768
1713584.73033
1795084.08571
1853674.27678
2171660.31407
1816835.10708
1736618.72182
1897985.54233
1932648.7322
1791022.05346
1742071.09995
1790568.12157
1664025.05689
1719819.59898
1900163.46745
1768099.39258
1836067.36458
1884464.45898
2208507.9962
1633081.11696
1709240.89696
3122016.27139
1761776.02381
1693678.0235
2303353.31069
1736928.20615
2932973.63848
4561323.68368
1714101.69748
1759186.19595
1845891.54794
1755697.0922
1741508.98569
2374349.92268
1647203.46868
1674773.13561
1798483.17092
1819998.76705
2082540.05204
1819150.68895
1766077.06787
1702274.96796
1870496.15967
1710480.77934
1685400.56999
1847620.4765
2106730.68553
1865509.46368
1684259.9678
1865446.9382
1847620.4765
1742016.48598
1960710.34847
1902940.83643
1750062.13543
1807420.10572
1770213.38196
1772933.63692
1860854.37742
1851302.53471
1842740.47441
1840836.24845
2684857.22759
2043906.64645
2725705.05102
1752391.10655
1644422.51145
1729507.76568
1909395.72787
1770107.98033
1755443.87942
1813166.6554
1744558.65257
1812817.82494
1855547.35542
1736956.21378
2330367.7897
2193926.3797
2097766.13519
1921609.12512
1741729.41766
1874896.27095
1733080.33399
1914722.91691
1722488.33722
1766603.32294
1751886.53944
1841477.8201
1933525.22102
1717775.72185
1668900.36155
1849732.21937
2725705.05081
1930322.03578
1711502.46099
2384895.4331
1908765.19121
2107715.96688
1677801.18697
2509277.28772
2043030.35855
1929061.36816
1807679.82346
1745511.61408
1694101.11329
2567416.33384
2009070.95323
2384895.4331
2107715.96688
2725705.05081
1708004.65365
1805017.69351
1756928.635
1841512.20329
2384895.4331
2107715.96688
2107715.96688
1913757.73357
1917141.55015
1892271.07984
3030345.496
1929245.11615
1865165.81255
1589344.35982
1886782.88868
1811799.46722
1825481.42683
1885461.11619
1885794.63052
1738525.83189
1849206.85899
1694103.84159
2843667.88742
2339668.25249
1828880.09383
1817230.43077
1709792.35464
1682709.61506
2310990.32214
2218345.75613
1742162.61543
1893031.75288
2694642.17844
1828749.52084
1763220.43476
1825411.2082
2272178.48527
2708987.81831
1790721.08007
2674811.44488
2240936.65146
2210432.6544
1665513.29679
1663760.16127
1902940.83643
2164321.8292
1847620.4765
1663461.81086
1854724.2515
1807002.32076
1793306.97986
1708616.75226
1793013.16487
2532049.67767
2254663.44839
2005890.72965
1792169.61606
1834773.48383
2213432.27739
1748343.69368
1718595.09295
1934711.80437
1755291.29843
2497520.7662
1889107.63382
1894440.0817
1850750.86648
1782009.65984
1742045.83601
2068234.30166
1797767.96473
1824374.60128
2114668.15122
1859805.33815
1689946.41715
2684638.62883
2741730.72727
2211355.97807
1682935.30866
2140994.0484
1873632.46846
1717274.21249
1784717.28567
1806108.66794
4515990.28753
2099660.94634
1667656.18469
1773801.00095
1976839.85354
1801609.57028
1896307.09736
1709308.38419
1847620.4765
1668244.28937
1783301.45689
1668236.49722
1800513.79515
1750898.18403
1664899.4211
1654126.20499
1875755.82587
1892681.26013
1693336.61544
1653692.4934
1798316.46536
1663976.85275
1735537.74207
1827815.72423
1792646.40759
1742522.27239
1755318.8002
1783888.91184
1686785.98167
1897523.0484
1790684.01668
1837950.94855
1662311.32309
1746432.90111
1775637.0323
1668280.96394
18727136.2006
1835211.188
1711331.38058
1710346.19018
1667929.81283
1838543.62739
1725961.66027
1856393.84546
1667280.36409
1831490.72914
1809367.65355
1791656.69358
1672097.16594
2224960.92433
1671563.28261
1676895.38144
1762637.30547
1685740.51595
1749222.19254
1669304.72333
1741520.28382
1741520.28382
1668100.04664
1771916.25199
1787696.21517
1689826.36372
2075391.85741
1850441.39946
1637397.91529
1762397.82701
1637016.00728
1906653.98851
1875049.99833
1800996.00601
1912862.60025
1824783.46312
1655486.22463
1779390.90444
1912136.0823
2194059.40943
2141134.53741
1822622.15493
1902878.51369
1929245.11374
1954146.08943
1777216.56156
1773640.18214
1744816.2626
1727457.23412
1717122.42531
1911099.26257
1747141.20227
1916571.42502
1661399.19578
1748923.96744
1929245.11374
1880674.42115
1638334.71788
1640821.11718
1871985.99511
1751730.19787
2696927.5158
1776055.70926
1618460.5146
1847620.4765
1715698.49796
1882205.85489
1759817.86123
1876382.98742
2037291.78323
1749944.55958
1949625.88014
1802457.27862
1739592.09853
1742754.41579
1729486.59378
1942382.93698
1725808.09932
2926086.67171
2069810.23454
1630320.44731
1657117.09801
2048540.96051
1724183.0563
1630318.61136
2150266.55759
1929245.11374
1693110.32729
1997538.18965
1766526.10023
1912667.21665
1934329.05018
1739994.53329
1781074.22533
1806225.48141
1816810.85254
7431152.41836
1981792.54202
1947267.78342
1964030.91644
1781720.95602
1783916.34605
1783374.04075
1786951.3861
1817600.43796
1727100.54099
1741462.06006
1678142.82018
1730804.63071
1746010.02162
1768694.87875
1657302.37306
1809076.9481
1692820.37923
1811999.08536
2470148.98441
1858963.43733
3558282.08525
1836173.32025
1755963.08852
1822560.33316
1937603.34156
1730537.08181
1744466.75362
1704067.96001
1741872.38679
1823330.74348
2096482.91075
1845543.36954
1852227.29084
1744634.07941
120155537.469
1821644.59679
1726131.32403
1694172.94086
1766858.02621
1688593.77606
1755651.37822
1754570.68712
5254404.99916
1865065.39706
1896752.18463
1730807.2726
1852630.53343
3577260.57885
1754273.94616
1692218.55579
2037551.49695
1776081.66565
1698878.18369
1927284.93872
1836389.30729
1796757.75719
1872735.7587
1710197.2003
1997538.18965
1885571.71274
1732894.33327
2252523.36117
1692743.5223
1723938.65682
2411459.93861
1826765.94812
1843263.70304
1816650.71251
1809019.10829
1896750.99813
1737085.01029
1712148.78072
1709837.15236
2157730.85892
1704095.36926
1765679.40439
1702972.455
1666856.10109
1735328.6618
1836338.37172
1831884.05899
1801227.20242
1780056.81436
1666608.61047
2157596.22796
1706199.88832
1656067.66875
1764465.26739
1666424.91428
5746739.56515
1675434.3847
2389011.05162
2372626.56873
2397282.37435
1783318.48082
1657089.37325
1680938.71555
1773641.50076
1871391.12256
1805525.57002
1886415.32163
1849991.26952
2452470.2344
1990708.23865
1993658.64194
1647405.98541
2193848.40644
1926531.63352
1929245.11615
1902940.83643
1921188.30812
1691152.32727
1670821.74044
1772298.95042
1730275.88848
1787841.80046
1817003.58005
1803198.84477
1729842.12613
1718155.03111
2291001.87376
2387961.29968
1827107.52953
2678636.74705
1762885.449
2589782.40388
1746213.10509
6220958.85639
1657707.85523
1630198.49301
1657572.60818
1956153.90944
2149456.44437
1784833.71131
1708822.87368
2176258.5378
1781823.22508
1672594.75908
1753859.12467
2001045.59255
1752515.8017
2154276.33059
1741453.38902
1929245.11374
1789208.79229
1669519.23637
1632268.76933
1878546.70214
1658693.76254
1649399.34795
1729209.14319
1730166.8163
2486384.48034
1782134.43935
1772958.21858
1843524.26958
1807261.6213
1805384.53304
1663799.16326
1814523.17282
1781789.5268
1765244.18383
2114668.15122
3001465.08917
1710663.49705
1709483.25081
1811180.67697
1805393.23716
1774615.12894
1855425.73669
2069274.28471
4034282.1584
1732108.6769
1748422.99995
1838713.23409
1739483.65296
1816600.89523
1682246.03612
1677935.9116
1721080.47243
1733120.64211
2005409.49669
1727585.23613
1871973.67422
1791418.59431
1830392.67706
1849974.32427
1670723.93082
2555630.89695
1920213.6231
2553915.1845
1863335.5053
1698257.05289
1649127.43224
1819008.93935
1741633.09299
2411247.01537
1770355.49565
1792748.89091
2049639.21518
1932001.61466
1577633.68266
2655265.76915
1736778.8084
1959194.13115
1718432.47898
1929245.11615
4515990.28753
2062257.47696
1823468.20339
1898117.37268
1779710.37183
2166620.78963
1729235.93173
1720963.27207
1798822.08057
1753537.21279
1806313.87192
1929245.11374
1896780.51458
1719090.2254
1893377.84351
2583918.34633
1762996.88959
1718294.84233
1728755.99639
1763638.40298
1653930.32231
1708253.12109
1725079.64506
1760975.18272
2230230.06915
2111095.5416
1717988.34828
1964117.53527
1768003.41689
1837683.58837
1759721.76019
1757071.53132
1702441.27152
1702296.3851
1679479.76144
1674106.94893
1668180.31779
1862263.18473
1757890.32943
1978019.46263
1832983.16147
1829388.62351
1786212.47294
1893031.75288
1821709.1366
1955773.49886
1666372.62866
1886051.69865
1819269.12312
1892503.76325
1785064.8418
1796769.23048
1722728.23163
2595236.19471
1869003.07083
2454902.64047
1735990.80725
2326638.369
1670086.05608
1680647.90812
1902940.69203
2101374.61632
2074479.9172
1626429.77005
1888147.05029
1682376.64787
1929245.11374
1801955.94374
1757657.88748
1786499.82045
10618788.5961
2457049.58167
2060475.77585
2487263.21349
1646006.1541
1860121.44701
1742232.73042
1884631.06153
1779997.17579
1929245.11374
1714903.63354
1762403.12144
1731185.70172
1730838.99388
1883389.25873
1847620.4765
1776006.41309
1729286.19796
1711167.10841
1644422.51145
1857683.68255
1749592.78923
1726637.91323
1708153.71996
1756399.80091
1983467.02471
1800298.44625
3093627.9483
4453504.67341
1688672.94634
1777526.35584
2006310.80266
1803104.28486
1968464.07175
1779149.24994
1878639.24906
2472035.75429
2536238.54719
2360693.96642
1845944.65988
1755627.73789
1847620.4765
2080092.75028
1746554.40405
1887290.66979
1765465.85323
1856285.81792
1655484.95714
1673553.29213
1772299.10518
2155592.42537
1906345.32494
1643025.30908
2710117.28961
2705173.53659
2689201.86382
2725705.05081
1791104.90459
2107715.96688
2725705.05081
2725705.05081
1769862.20975
2725705.05081
1767065.13473
2384895.4331
1719766.36507
2107715.96688
1840688.98616
1752023.89461
1731019.90869
1727652.70757
1929245.11374
1740562.06008
1809299.12089
1726775.40706
1788204.89891
2415437.32667
2454312.00906
1805581.05537
1741174.92016
2385434.55758
2300123.93601
1896320.12215
1755005.76643
19230820.0863
1867582.02354
1907828.28867
2003002.52569
1855363.38913
1758697.4018
1725315.753
1713226.4471
1844486.00788
2054983.88106
1823045.22402
1845891.54794
1828699.73634
2305167.26566
1996912.95915
1844796.15986
1877922.35007
2005135.93282
1725004.10498
1650918.87443
1877920.99919
1809522.88963
1880332.2799
1821273.53063
7024400.38987
1921700.20204
1797367.17255
1792125.93318
1806970.47995
1690934.25233
1778075.89816
1894884.80199
1861248.48405
2621326.32138
2473103.56836
1847750.67286
2123479.93169
1874375.91974
4515990.28753
1941707.83195
6368043584.07
1736427.03961
1806928.42719
1920698.66173
1647250.12705
1699155.00375
2697985.57356
230154331.339
1639814.77354
1822438.5517
1766731.09257
1696312.91331
1790556.37367
1831783.09302
1776483.28774
2725705.05102
1709513.65803
1650617.96669
1635453.7502
2859007.60448
1902760.86566
1893417.71879
1707515.85432
1962017.36424
1639752.14351
1685891.43327
2189892.22195
1861499.05866
4515989.37997
1840408.30806
1795267.3316
1852714.96856
1741154.0231
1728315.42959
1918514.63502
1736080.02188
1929245.11374
1918513.64808
1718060.41124
1697434.92805
1940678.26574
1703469.25613
1826467.48027
1797042.67471
1675439.41092
1678852.41597
6366702.23244
1688333.31778
1683855.20523
1803478.76961
1686531.7575
2091680.56548
1865415.66054
1656016.07263
1730752.49042
1709834.07401
2012626.5112
1854898.87447
1677261.06916
1734528.48708
1742480.47165
2917524.81714
1840454.92673
1944254.61259
1748830.8476
1938019.4111
1804482.67181
1678428.67873
1715068.87172
2154650.80829
1729978.71804
1706761.3606
1668033.78971
6018019.86105
1979788.24039
1787083.41129
1767020.03107
1764346.87021
1646945.49174
1979788.23828
2036469.57401
1750948.198
1723696.21274
2152338.0008
1800739.686
2080782.30075
2027386.68084
2254311.19908
1762231.24545
1860883.80103
1890270.67835
1896097.43446
1784609.55527
1677182.19139
1763522.98193
1710804.3243
1755768.56938
2054908.78392
1702741.65775
1887108.27703
1740010.52251
1893321.03327
1868551.25838
1709391.7182
1810877.07049
1693508.97422
1961642.86869
1632472.85802
6897994.45493
1691723.42188
1737620.0345
1728449.1637
1677016.6204
1850497.47366
1765562.88354
2001886.99107
1873713.01409
1701683.04514
1839131.11684
2717682.78105
1804675.08391
2406894.62877
1832881.81529
1827719.24094
1653398.76631
1925920.61206
1666252.106
1943716.50769
2054224.73836
1900916.37002
1663472.2408
2587135.41837
1849163.31264
1924127.81032
1576703.05789
1692265.74234
1558950.07179
1926801.37094
1863433.78929
2506035.78748
4533021.72289
1686888.73681
2337520.61602
1737139.45934
1706447.65648
2696927.5158
1924015.22271
1731361.74067
1859249.62533
1845891.54794
1826036.63846
1817281.35197
1696437.98876
1713320.7691
2437067.02308
2008810.69899
1803943.15785
1774910.79623
1777957.52807
2233104.88895
1838986.08817
2684634.21491
1820129.62828
1730080.48601
2348477.0554
1827134.76369
2033427.93919
1789728.06461
1772079.7893
1775811.02206
1744478.55968
1902236.7966
1701520.84407
1826530.50848
2404501.62314
1786483.14767
2267220.77294
1749508.78988
1819928.67915
2466179.32515
5205208.55765
1888609.1473
1787534.97467
1781939.72781
1754203.85199
1959831.72063
1695706.35618
1917023.52823
1784850.6152
2725705.05102
1780661.16978
1778057.54076
2696927.51874
1707616.02224
1897078.61801
1891930.40141
1852901.06601
1728593.73052
1874596.68131
1761647.25582
1815343.81561
401517213.697
1841273.23945
1740711.04961
1672119.22103
4515989.16106
1661250.16218
1698016.3226
1627318.7305
1732581.87413
1897571.65789
1632368.3986
1755327.10711
1727241.23457
1761116.89033
1752019.04648
1674747.02424
1806401.72982
1800406.57651
2554587.25226
1885562.99945
1672777.37169
1642416.36143
2126747.19503
1781911.72195
1748650.75707
1747631.99915
2001141.5278
1712480.32567
1855245.72417
1822024.71706
1784929.34792
1772527.5562
1822069.574
1805823.26016
4515657.81323
1989269.05613
1794044.371
1845140.77782
1893515.25629
1693587.04295
1908603.7189
1852482.99029
1958394.80015
1676993.14289
1674471.91228
2287116.32987
1668119.00966
1883014.03718
1710152.27966
1685368.11212
1812798.09053
2072313.18044
1983143.0665
1814705.21274
1929245.11374
1893617.16524
1709542.28286
1737338.02906
1750187.18856
2725705.05081
1902426.21595
1656560.80652
1898117.35671
1894350.55632
2354849.00761
2169695.62485
2012913.15968
1759061.07891
1953085.85372
2071221.77757
1670007.72226
1743550.3033
1637032.21562
2401084.31154
1911998.23366
1929245.09534
2175196.8017
1782285.67071
2418348.18347
2321456.98505
2595236.19472
1695671.08555
1755258.19618
42860947.0464
4149879.69938
1887918.08145
1786572.21134
3580309.6255
1993453.34289
1685593.70278
1626430.69627
1834026.3044
2343085.80941
1823372.59889
1836147.57931
1790078.45767
1817413.50282
1773958.66239
1907084.15998
2277809.36623
1698369.4414
8924826.67669
1650480.18386
2107715.96688
1734947.26653
1880041.2367
1858892.57446
1833704.39608
1766963.51708
1804539.35025
1787353.40711
1786062.47052
2217333.93554
1816264.30323
1802041.83819
1767617.29067
2008775.4452
1885563.24242
2277692.61865
1806112.70873
1843527.23353
2023469.62245
2725705.05081
1858154.27532
2107715.96688
1816065.71522
1838482.52285
1745736.54598
2107715.96688
1731613.10395
2168363.56576
1617359.5498
1856870.9259
1713779.963
2264233.16024
1708766.76262
1834679.51385
1633349.41725
2286461.2828
2963485.65114
1765664.53361
1661261.33156
1705537.85359
1977887.61492
1823954.38592
1768625.72293
1963353.74199
1752082.05831
2184255.48474
1929245.11613
1951175.90829
1917552.74024
1716758.70636
1689799.60256
1946429.04239
1989250.37221
1680352.31739
1788410.10369
1728289.64909
1847620.4765
1835002.63238
1672953.15563
1798670.15018
1652001.45695
1979788.24039
1794131.89753
2157596.23126
2135954.11249
2426435.29607
1676237.16394
1872894.67032
1852605.92881
1786657.97932
2392851.96013
1820349.61044
3629718.50907
2128092.14171
1694650.98753
1650219.55509
1799315.01945
1782728.47181
1968650.58275
2.72887704399e+17
1929245.11374
1879421.72327
2164175.27543
1809113.39914
1953903.41367
1792467.76906
1843796.23543
2437545.2907
2365398.28122
1874732.13204
1993487.19753
1823538.46557
1837391.29147
1867103.31697
1860497.97944
1707029.49491
2725705.05102
2113227.26096
1896685.11484
1974564.59217
1886727.89019
1757421.02473
1824932.01689
1558674.38745
1783794.34027
1729096.67401
1894977.81481
1655003.92462
1653173.72321
1808069.50819
1789757.32903
1613759.12507
1882471.76384
1699371.7127
1931598.25322
1892842.81613
1675367.74358
1896061.97199
2846723.45184
1826328.10928
2278772.0656
1852364.53873
1754030.26852
1721319.8913
1903169.50086
1713318.74233
1672695.97507
1696372.42654
1771783.65973
1929245.11374
1776722.74332
1674676.82575
1774405.91648
1661839.60489
1811472.14882
1758318.77326
1747997.13018
2117633.82259
1722180.09654
1796515.65748
1627395.68803
1902561.75915
1668237.67032
1712834.36442
2699312.59326
1679983.09858
1896560.35683
1876882.98311
1816663.52138
1745269.61446
1766828.00496
1891114.22001
1774286.29789
1663769.50009
3082832.60148
1745088.42151
1904799.61109
1818372.78444
2073812.57314
2432630.19559
1733790.83224
1761263.60723
1756884.24649
1818637.64383
1745765.10015
1847620.4765
1813388.43886
1670300.13496
1847620.4765
1935848.88925
1762443.64125
1799848.67475
2725705.05081
1857672.91614
1766613.92604
1805291.87416
2129176.84656
2431510.32261
1790140.70223
1894795.07142
2892560.84025
2890376.81146
3143017.55625
3001630.04724
2133814.49716
1804413.37948
2573590.32926
1882277.18734
2066946.74988
10456713.9096
2177142.98496
1826508.19002
2133257.089
2107699.49529
1979788.24039
1749109.83913
18598806.9109
1946731.03658
1829928.89485
1743118.9326
1743724.04383
1691048.37086
1806953.22507
1768518.2283
1697649.2773
2118622.35982
1790764.11387
1783975.63968
1799369.22352
8653204.06538
2384895.4331
2107715.96688
1722561.48631
1929245.11615
3346410.45738
1671459.18502
1797196.64885
2562663.60775
1642868.7471
2725705.05081
1865066.14365
1654627.46281
2384895.4331
2107715.96688
1823135.52895
1754858.3423
2889642.50245
3177722.39282
2087689.25539
2265616.37436
1843147.73251
1724909.12014
2194684.20805
1779334.04798
1929245.11374
1777729.0174
1722175.49201
1794275.11931
2094754.90728
1705292.12587
2331230.61416
2393946.63826
1847620.4765
2296810.40701
1847620.4765
1912976.66872
1786829.05027
1847620.4765
1707335.30885
1942371.38013
3209679.22724
1825626.62331
1738503.06567
1768697.83543
1717214.118
1796603.55516
1707661.74248
1948224.19133
2156628.58586
2146278.51344
2508282.31803
1943662.7106
2567638.97943
1837391.29139
1649120.8422
2347141.49165
1905997.72982
1863395.603
1910685.93859
2540431.23077
1645588.1277
1802836.41243
1715436.99615
1841009.08466
1836434.10139
1685862.32144
1860628.75464
1777644.50991
2282117.08213
2484670.44229
1898866.64278
1795642.58025
4560801.70916
3460625.33149
1898866.64084
1979788.24039
1876903.04234
1697313.20246
1873028.05931
2220805.79937
1759106.82376
1847620.4765
1897168.96639
1708484.59776
2038747.94702
2384895.4331
1929245.11615
2107715.96688
2967224.96761
1875768.41651
1929245.11374
1970022.78926
1946907.4279
2928981.70765
1809999.52821
1808242.89485
1893366.29688
1682800.11107
1837854.16442
1708487.66497
1964779.45821
1736293.94029
1786642.21016
1784783.11566
1893031.74535
4515989.89493
2030936.32481
1863049.65439
1718008.3742
1895632.67732
1706474.27954
1700502.41977
1823524.60796
1709920.4931
1741431.60828
1634031.92608
1794640.72029
2116537.60299
1686040.42561
1855641.48685
2495305.53724
1809340.07843
252261503.767
2725705.05081
1645493.19187
1728183.6687
1739305.12617
1586531.29209
1989250.37222
1755351.95232
1753636.23794
1748313.06155
1712632.25334
1741515.96406
2725705.05081
1724265.60327
2384895.4331
2107715.96688
1712573.64859
1719663.45735
1664140.40089
1609121.09277
1700784.90001
1690261.42103
1651016.12426
1857195.81504
1754961.9817
1645216.92016
1795032.21322
1774044.6046
1789757.32903
1728103.6999
1818894.32736
1897412.58451
1757208.51249
1753098.88543
1791318.16902
1904015.57129
1740650.23487
1723846.94076
2224873.02903
1721655.01894
1671541.13743
1962103.1543
1787530.17584
1673990.83613
2496481.67791
3381833.56099
1732541.36476
2725705.05081
1929245.11374
1787530.17584
2725451.96496
1724176.757
2701191.52352
1672210.49168
1694065.0334
1718972.99218
2646666.99005
1929245.11374
1694830.52306
1654120.71243
1711167.24873
1809953.94012
2546255.15299
2369571.12714
3048847.84561
1714169.0093
1657585.31571
4516315.03032
1979145.52838
1653172.07505
1742589.62971
2045461.27692
1630021.30934
1943928.05416
1719828.9419
1697738.61301
1724193.22918
1706257.9187
1712233.31041
1719877.12176
1657459.54156
1760080.54358
1990711.08458
1623351.93955
2401839.87805
2193005.6976
1794132.66029
1690316.13677
2147481.38025
2391171.59035
1921135.04318
1891481.26463
1735934.61587
2322170.69537
1741664.59949
1695262.06518
1842682.06175
1716250.80592
2384895.4331
1833911.5186
2107715.96688
1825485.96089
1699354.84139
1807646.1369
4861066.41935
1885562.99945
1736339.79738
1712265.38405
1848089.06233
1706957.65549
1888897.10121
2704496.50154
2567799.01934
1729422.09982
2212689.14363
1749450.1099
2371636.57144
1756967.26223
1715323.1161
995703034.43
1713068.18372
1733974.35294
1855194.17559
1847620.4765
1734696.19211
1701516.71912
1830487.51858
1731424.0395
1923581.24302
4515976.49452
1742016.48602
1728328.2437
1832128.57286
1708150.48614
1737066.51118
1719955.40023
1699292.41636
2003129.06306
1832325.42545
1731586.53644
1659575.6642
1826131.06425
1929245.11374
1750608.13867
1776088.28868
1783347.70108
1765783.14131
1807309.13982
1880470.43989
2278000.87807
1623316.20927
1642981.79814
1837673.42117
1779370.10209
1842116.6674
1765633.20964
1816536.34346
1782170.65931
1851510.63759
1916571.42501
1748499.88004
1811688.42107
2384895.4331
1746886.22479
2107715.96688
1709343.34031
1708183.11929
1847620.4765
1934726.05512
1925831.1116
2107715.96688
1786022.6451
1719620.46548
2107715.96688
1803491.55529
1906829.24484
1819965.66872
1796042.67727
1905524.81119
1903544.75109
1766914.11723
1775753.09194
1768413.93253
1773681.51495
1718636.76492
1706133.67491
1750368.49165
1736504.24528
1864608.60198
1718422.74826
1726253.67132
1806550.65949
2012381.3162
1902465.69962
1872247.00083
3256217.43619
1719485.09845
1732846.80579
1688757.88095
1879438.10447
1636882.26803
2694982.43191
2582144.8961
32361271.9201
1673142.45754
1722359.96295
2175882.65382
1722072.13702
1750493.16927
1794568.06213
2041959.29859
1774847.53992
2476977.16645
2315357.86442
1683307.75748
1819078.78442
1759282.95901
1817004.36559
2946763.72359
1820888.02205
1698555.10838
1666819.73014
1931442.70787
1681170.56945
1859830.69898
1839032.94946
1749172.29671
2245652.34354
1682957.04885
1778941.33349
1813900.42973
4416221.26929
1794595.48692
1913746.5897
1852721.46033
1839455.38654
1731578.00453
1835400.85403
1847620.4765
1829205.95387
2087324.31809
1625013.58849
1929245.11374
4533196.8143
1624367.43462
1973647.26021
1736464.22557
1770826.26581
1822717.68782
1549742.84001
1699895.62023
1899087.05319
2065344.26711
1797910.42426
1721602.77234
2222309.46935
1719391.4224
1691286.8093
1722135.28757
1691110.80523
1721372.11012
3365244.29753
2945366.78592
1644581.00424
1616985.89641
1843397.96477
1641699.36678
1709169.66272
1872057.65948
1921671.5293
1732142.82985
1902940.46768
1863112.71851
1820500.04767
1843397.96477
5229442.87082
1833684.89176
1842580.59927
1757113.14758
1793954.45911
1705929.10136
1953886.29372
1721875.83519
1632345.74755
1812865.07209
1837577.58704
20979158.727
1765176.41072
1670772.1688
2416773.44026
1953486.0758
1696240.96146
1769836.71791
1842649.71711
2091888.78306
1842456.31069
1696850.22815
1797452.31027
1763077.55903
1720243.33265
1716019.91353
1717948.11774
1708994.55768
1665097.93083
1719251.13646
1702901.63403
1844679.43842
1764889.71263
1762166.56244
1756746.45378
252261503.771
2725705.05073
1836610.43245
1694040.75273
1889586.31664
2258859.35871
1714380.79138
1868840.52943
1768757.41091
2368881.81184
1738008.45415
2316881.47638
2166626.63617
1713653.27685
2137157.26843
1719019.67558
1786537.38219
1756195.4322
1639816.06552
1757727.67709
1704395.10505
1805154.8048
1813700.27666
2174708.98594
2187859.31248
1955029.78593
1956370.58885
1688239.02774
1690000.85254
2098791.76725
2058478.50163
1747403.15072
1809327.14535
1715768.06511
1809576.82219
1789231.06047
1808895.15938
1875889.97582
1765431.04832
1775504.96046
1748642.56489
1867407.84396
4111495.89082
1711751.48588
1818170.88483
1772682.09398
1759164.52173
1736945.06139
1815699.29623
1781834.66595
1632974.31556
1672987.20183
2244790.04744
1625369.55277
1731519.96033
1752427.37736
1733270.12225
1847620.4765
1841661.65432
1829215.88312
1855155.11543
1758850.93338
1778158.05816
1697918.90912
2192186.59493
1707521.85093
1685570.46377
2758954.92738
1826751.66872
1748177.83292
1795178.22005
1722829.20054
2002698.40311
1842252.8102
1945970.66858
1679595.30775
1799850.29202
1847158.25
1773144.02976
1804637.04787
1856089.31387
1745542.03009
3330912.88593
2052170.14822
1685889.43077
2401704.14775
1610969.73095
2012204.97555
1836830.78714
1670923.34042
1636326.80935
1881171.81501
2316460.338
1735434.17852
1760010.89323
2328195.171
1690272.49956
1902939.67237
1725905.93471
1685514.78962
1721569.1307
2606299.55965
1949194.34047
1676833.78597
1798345.50972
1782027.55485
1895211.22433
1733757.93869
1684949.73423
1669545.17382
1727618.26573
1630816.03121
1707033.79674
1727363.64454
2296404.37866
2240928.39941
1800506.51261
1734781.14406
1916571.10428
1700059.10982
4128038831.41
2116411.09733
1757330.1565
1822243.48489
1712491.95279
1680755.8857
1691043.05246
2028960.30517
1732478.94291
1919508.35069
1753479.43753
1716043.7252
1624526.49582
1808855.28789
1661391.09336
1689745.22878
1679300.82431
1709113.52316
2009352.82065
1706234.94682
1760340.10471
1768021.74369
1830521.0628
1641439.73174
2156194.69291
4775655.66143
1748943.90111
1790351.45114
1655222.6654
1979788.24039
1647477.88146
1693382.35841
1643010.06437
1772020.89194
2044165.7267
1711242.45156
1705394.84816
1774816.90558
1754308.71673
1819502.11062
1773411.9274
2533748.89345
1685525.53111
1802491.58545
1729687.41023
1799686.51315
1666699.33858
1714172.51471
1715409.14243
1691886.76869
1733487.76309
4367278.33714
1747267.01876
1721025.68164
1696844.49194
1949379.45417
1844061.08725
1856268.68682
2904286.17529
1762713.6678
2042039.34811
1715149.76732
1714133.23412
1846665.59591
1696257.56504
1853698.97164
1847620.4765
3327079.04719
1764316.74949
2000884.0284
1729687.41023
1764143.14341
1717605.96611
1747470.22453
1620127.63672
1830587.06556
1745169.00497
1906631.96471
2114668.15122
1896372.22377
1966284.28141
1784915.29724
1662632.31517
2566342.4037
1838335.25764
1783353.26911
1810964.49955
1724494.90033
1805073.42953
1544636.85303
1793631.96642
1907352.7976
1883070.91556
1777104.04777
1854983.39801
1722661.9378
1617181.23808
1937816.72253
1764335.99945
1705295.63972
1731334.62671
1725511.23539
1698320.25682
1681869.53798
1738763.97353
1645240.27854
1685470.99672
1770265.19735
2996774.87134
1769659.2843
2584402.39162
1688724.01945
2657473.02096
1738508.50165
2085802.74764
1781064.5611
1799674.36713
2227546.40933
1814274.98547
1929245.11374
1746473.83265
1758306.42487
1724122.35186
1821401.47244
1777118.04454
1711182.62637
1736529.09222
1741911.7931
1715380.03847
1807199.07774
1702097.8086
1701317.07241
1885563.12712
1893031.75288
1900223.12659
4515976.49772
1761725.34109
4515976.40086
1929245.11374
1628972.78418
1628178.3377
1627638.34193
2322765.13826
7021425.13505
1807962.97724
1770382.7152
1802361.57576
1811221.2562
5019975.1525
4916505.27441
1745075.41332
1929245.11374
1771950.67004
1756208.2127
1811362.27317
1927599.60794
1829506.32175
2246116.7013
1926841.68447
1713386.00053
1702554.82879
1817371.23661
1972600.31983
2696927.51874
1753073.69115
14317167.8953
2114668.15122
1808266.49913
1707494.79566
1879427.12847
1797780.78574
1705300.17636
1797860.93574
1766101.57061
2715196.22395
1807855.49909
2478106.19309
1969592.31736
1868877.90064
1892988.39209
4515920.27819
1791640.05442
1780788.96234
1756884.8125
1939936.26225
1880967.81121
3098914.21134
1747893.30969
1875251.81656
1683488.55324
1797765.06108
1652016.65454
1858390.7482
1855128.10346
1853523.18087
1695614.67117
1752111.63539
1909973.48859
1706167.80673
1627322.5964
1639697.11721
1638569.57139
1679760.45359
1779953.4695
1752096.31967
1707583.74395
1819185.75482
1814104.70288
1663341.31029
1693071.49496
1837707.11441
2725705.05081
1929245.11374
1827541.56832
1743220.28922
1793124.17533
1704959.89315
1670959.43087
1702218.15234
1752064.31851
2042142.2026
1801308.50349
1667577.65723
1794647.72179
1709509.11031
1838980.94242
1845638.9967
1670963.05451
1754173.14899
1846192.14212
1857119.93895
1822822.26958
1847641.73787
1827747.72573
1775880.16166
1810911.71412
1709468.16661
1671239.24499
1703640.34053
1671157.3146
1714393.15279
1727834.03586
2306816.72001
1783934.03289
2114668.1512
1953330.12586
1780240.44734
1695262.08492
1817775.74744
1982085.65923
2316155.693
1832901.30466
1704079.07562
1832344.97758
1730852.30186
1693108.31652
1670105.89214
1755584.9271
1765934.20406
1753086.59031
1695866.94477
1682324.16261
1892349.37691
1869231.16599
1727783.94461
1760665.15934
1920917.70085
1809319.10178
1699516.31256
1705716.99347
1701973.55847
1700629.03445
1699236.60156
1759590.93461
1699154.11023
1696326.8978
1715624.92055
3566435.38986
1659444.60152
1852493.5573
1767295.56054
1725766.32252
1732888.92179
1764320.62814
1683831.28136
1855788.57114
2190756.00602
1747849.94821
1671996.18366
1677943.3627
1670979.30695
1865070.37951
1705260.4
2143969.67162
3581596.37339
1845048.76478
1727592.33726
2097596.91877
1731357.27491
1717626.96036
1676237.55485
1805864.27145
1880486.29475
1660952.80554
1819522.82886
1958845.66208
2082503.04327
1849754.74691
1847620.4765
1842252.81017
1642490.82618
1674836.5409
1688590.77928
1690101.23824
1728418.85676
1857135.18053
2839995.96131
2514748.83524
1641383.63253
1869161.31883
1893031.75553
1677138.71291
1799848.962
1766987.36827
1894431.18544
2040351.78816
1791606.13266
1713080.28057
2014045.53702
2051902.75279
1868390.48992
1872313.34025
1989757.40729
1799596.82803
5065449.69328
1997538.18967
1789324.60616
1780885.7338
2404715.42965
1952360.7774
1835749.00084
1891541.54154
1808689.65461
1804971.83203
2607832.64099
1677770.32598
1929245.11374
2055459.69945
1745266.3731
1738006.40458
1735597.66084
1788336.79859
1716116.37164
1788428.26976
1857763.29068
1752527.57022
1667583.93102
2004410.24394
1731628.88704
1700046.97523
1906651.10013
1715905.67273
1938681.95214
1728495.67199
13754786.3096
1727444.01121
3554137.69797
2131885.75131
3736232.33178
1748578.01635
1804596.05993
1808206.16098
1703170.54315
1717203.92771
1701944.87009
1934768.41276
1745444.52616
1920253.7614
1769853.84901
1773746.99561
12692871.49
1712242.86677
1625245.83032
1726462.61649
1783504.96432
1896730.66344
1718018.07039
1970327.1467
1895633.2352
1849997.61841
1760888.39774
1755057.3196
1915764.82539
3950402.71419
1947774.33452
1889472.38209
1736053.98707
1929245.11374
3507117.43107
1693265.3175
1919164.32925
1682173.58361
1902940.74036
2217960.29949
1929245.11374
1736110.54301
1713107.64011
1835617.05164
1732925.6
1623538.17601
1699138.2024
1821204.23293
1719677.02977
1902935.58136
1734284.76294
1799466.70762
1714561.32003
1678708.0753
1770786.5032
1676064.28709
1750494.21324
1665443.8186
1671505.57441
1628266.64087
1636196.77686
1787813.33989
1640542.14744
1708158.43318
1708681.86357
1958541.17493
1735973.6663
1755047.09712
1755038.39956
2141474.3845
1917347.75832
1741743.92896
2412489.87669
1554562.30301
1873508.49884
1808389.21275
1997397.75738
1709344.13205
1761100.30207
1929245.11374
1851145.73137
1976415.81034
1747391.36405
1840370.09347
1626496.14219
1703928.91372
1764291.85977
1640704.97446
1792870.42355
1746236.43248
1707777.01698
1697005.39286
1656496.31128
1820971.71143
1845629.58666
1732195.75271
1799638.65338
2067163.82998
1690688.69617
1769781.04429
1959400.79118
2788597.14065
1653986.52166
1669609.52844
1660570.71542
1683185.25594
2105757.20062
2121136.67994
1705747.37206
1819621.49308
1833230.14589
2181217.03215
1822974.08479
1742755.96516
1678383.68921
1713864.78211
1732421.38629
1694375.4405
1699565.09751
1758269.63775
1694744.30719
2023798.03277
1694051.75005
1678383.68921
4515976.48351
1832468.62825
2011865.45145
1725308.30058
1715067.67985
1713520.78507
1914277.33442
1835990.96211
1667185.28625
1713035.62979
2399756.78476
1777395.10648
1929245.11374
1775532.54804
1670005.45382
2027205.59542
1908001.99502
1593413.03107
1817476.90934
1929245.11374
1732242.81244
1735090.80661
1820135.12246
4231022.44836
1740795.6801
1929245.11374
2878729.23824
1919909.24331
1852221.01267
3404982.4094
1750919.43468
1884782.59008
1871464.99026
1824770.57369
1929245.11374
1745132.64445
1824070.97027
1691173.54177
1628669.84504
1701844.69066
1715329.27376
1684757.55421
1707955.54007
1959826.05342
1763602.98783
1794305.48452
1751151.32627
1822571.54241
1902940.83645
1744450.20288
1921298.20701
1697750.15275
1955633.4282
1696368.38371
1874793.08497
1758237.77527
1751135.84627
1717927.97706
1747842.03371
1729655.95247
