1727811.48554
1729265.36129
1732292.38960
1734366.17757
1745578.27857
1745878.25649
1746359.79181
1748078.51931
1748986.04032
1749736.26158
1749984.10664
1750356.24724
1750771.19195
1751680.56049
1752924.46675
1755229.09618
1756005.71652
1758257.76730
1758610.62452
1759235.99682
1759584.55802
1761140.34562
1763640.57682
1764774.13468
1764774.13468
1765397.73448
1765819.71675
1766973.99205
1767532.94727
1767818.49896
1768663.01295
1768787.37382
1768837.44963
1770221.11744
1770316.29083
1770443.89149
1770847.42318
1771448.05679
1771746.73813
1772121.94819
1772128.52311
1773181.15572
1773767.17622
1774138.58112
1774440.23965
1774682.26628
1775267.60237
1775268.86985
1775425.70016
1775489.19838
1776577.74139
1777320.93795
1777340.12698
1777447.20093
1777589.61681
1777807.46488
1777895.25350
1777897.40882
1778115.38726
1778291.59873
1778296.75845
1778608.40506
1778806.71284
1778924.69834
1778933.89496
1779620.12646
1779719.34119
1779755.86842
1780347.72870
1780347.72870
1780566.12399
1780878.96532
1781348.44580
1781413.08561
1781551.14144
1781586.89986
1781641.15436
1781799.73605
1782188.93370
1782737.09217
1782831.16081
1783082.67907
1783148.46870
1783215.01432
1783372.98449
1783500.57944
1783746.60808
1783775.90036
1784042.49117
1784584.10476
1784646.63956
1784787.31448
1784842.99576
1784904.30622
1785631.80894
1785654.07158
1785678.95495
1786098.89627
1786295.34974
1786406.71228
1786668.96404
1786721.50143
1786947.65053
1787048.98556
1787343.33080
1787429.26964
1787899.82606
1787922.17471
1787965.31394
1788068.26936
1788238.74561
1788806.17134
1788856.37202
1789083.57440
1789166.74990
1789572.99203
1789956.25105
1790021.66956
1790296.43142
1790576.53738
1790608.24418
1790651.57749
1790803.66837
1790845.36929
1791188.84086
1791204.83914
1791389.40170
1791590.30753
1791630.69959
1792473.65303
1792719.65316
1792765.63438
1793152.86780
1793382.08072
1793384.37682
1793459.04270
1793565.16235
1793675.82341
1793728.61347
1793739.85983
1794043.14669
1794139.90222
1794152.42616
1794280.07989
1794664.84540
1794708.23348
1794984.22471
1795007.23155
1795181.13690
1795284.97558
1795318.24439
1795403.93564
1795487.17299
1795595.80108
1795724.76857
1795833.29990
1795893.90074
1795972.29745
1796284.09142
1796345.65030
1796412.92524
1796502.65663
1796527.80769
1796570.77925
1796982.47880
1797096.59713
1797231.26811
1797242.36782
1797245.19914
1797600.26550
1797751.49900
1797867.14263
1798087.32050
1798097.05024
1798250.51867
1798265.88323
1798298.18930
1798479.08376
1798527.26226
1798587.62328
1798671.18148
1798680.12849
1798737.70540
1798840.89015
1798841.42664
1798869.56632
1798993.75352
1799010.85354
1799128.79756
1799165.46610
1799278.13435
1799405.32047
1799405.42028
1799533.16013
1800097.39066
1800158.17065
1800269.11802
1800595.09240
1800684.39084
1800702.43821
1800897.80921
1800925.20284
1801289.11858
1801301.09114
1801387.14368
1801429.36386
1801503.70842
1801662.55229
1801706.50225
1801827.67461
1801865.77556
1801907.32267
1802379.78967
1802423.12292
1802541.27504
1802745.06421
1802972.00855
1803070.58434
1803261.42527
1803443.11972
1803500.14561
1803551.42214
1803656.11469
1803740.75306
1803763.25013
1803948.10769
1804030.82086
1804038.59578
1804145.37461
1804158.33590
1804159.31166
1804347.77642
1804393.40760
1804402.04489
1804434.77330
1804467.01569
1804809.50800
1804828.83665
1804893.34091
1804910.89926
1804920.29902
1805203.65485
1805244.63301
1805291.96002
1805313.67374
1805706.47827
1805708.34203
1805755.76127
1806088.57887
1806122.60629
1806141.27842
1806335.45969
1806380.17471
1806399.92785
1806486.58986
1806502.66615
1806638.06147
1806735.56018
1806750.75527
1806804.05822
1806896.94796
1806920.51093
1807113.29523
1807240.24342
1807288.37159
1807337.76621
1807349.20596
1807354.57558
1807389.52848
1807480.33579
1807521.24721
1807939.65680
1807978.88342
1807991.83744
1808018.82619
1808042.88959
1808141.19526
1808418.17332
1808470.39827
1808556.70935
1808575.06075
1808628.11136
1808752.82309
1808799.87020
1808808.66450
1809005.68785
1809022.49766
1809042.44055
1809464.86357
1809474.35159
1809534.34859
1809607.01316
1809689.29460
1809736.28901
1809748.29713
1809806.40633
1809842.28321
1809890.94506
1809948.21134
1809958.33207
1809974.82734
1809994.08660
1810026.31514
1810055.68133
1810144.85640
1810160.65154
1810329.79822
1810361.76017
1810578.86278
1810578.86278
1810578.86278
1810613.80585
1810667.11092
1810684.62713
1810802.59615
1810855.79598
1810885.34888
1810907.41414
1810913.19747
1810934.21609
1811002.66019
1811194.12386
1811293.61059
1811337.07614
1811500.78970
1811664.74721
1811770.77711
1811878.29313
1812022.77838
1812110.46110
1812200.54040
1812300.77095
1812365.35832
1812394.62726
1812432.41118
1812721.41516
1812761.45288
1812845.91292
1812876.71262
1812957.37207
1813017.02184
1813076.70994
1813087.12464
1813107.14958
1813162.45433
1813255.00786
1813288.94335
1813327.61959
1813471.79350
1813575.60306
1813647.01449
1813680.50606
1813694.89592
1813727.09198
1813909.61421
1813910.65871
1814008.92378
1814059.37649
1814061.41063
1814082.62464
1814126.43369
1814571.01571
1814591.26657
1814653.62614
1814657.92074
1814729.39908
1814733.89634
1814829.01736
1814829.03178
1814837.38739
1814899.57168
1814952.50611
1814981.10790
1815040.75400
1815122.83031
1815207.00959
1815251.84207
1815300.86781
1815343.96255
1815506.51865
1815508.90764
1815517.50019
1815590.01329
1815604.66081
1815628.08379
1815794.04959
1815810.75887
1815984.33768
1815996.10662
1816020.21510
1816024.11120
1816386.43532
1816419.75526
1816456.12904
1816645.79598
1816675.40786
1816712.00740
1816762.18367
1816781.75794
1816900.53673
1816997.38558
1817223.36224
1817355.47092
1817462.73640
1817528.92552
1817713.52402
1817714.90666
1817757.02946
1817760.07329
1817774.09727
1817859.01112
1817980.11759
1818250.34427
1818289.53553
1818367.94026
1818384.74414
1818417.28608
1818639.15897
1818739.14282
1818841.90459
1818884.90524
1819023.27953
1819039.27507
1819073.57866
1819176.08243
1819193.26866
1819226.96168
1819279.55331
1819306.62274
1819317.80611
1819326.38841
1819342.54580
1819379.68807
1819427.02389
1819456.82783
1819747.55470
1819808.07888
1819928.77004
1819933.40941
1819945.07349
1819984.48227
1819997.39705
1820101.12163
1820189.56049
1820213.03268
1820406.50024
1820468.40980
1820495.77926
1820577.17027
1820596.57990
1820755.87264
1820779.97250
1820826.21340
1820842.02477
1820844.97397
1820880.38109
1820930.12492
1820937.70948
1821067.15831
1821244.07566
1821305.94293
1821431.44768
1821484.35426
1821488.94359
1821573.43580
1821604.79361
1821619.52345
1821776.63684
1821793.01370
1821800.22972
1821902.98016
1821947.99344
1821967.14863
1821967.69999
1821980.21239
1821998.71486
1822122.80604
1822275.04334
1822276.30999
1822606.31900
1822620.66959
1822647.95636
1822727.59863
1822735.93734
1822772.44321
1822875.10585
1822894.95132
1822918.85167
1822945.17322
1823036.96139
1823038.52417
1823047.91688
1823057.51832
1823161.51769
1823182.27195
1823186.72063
1823232.55698
1823464.67081
1823508.65407
1823557.84286
1823670.90758
1823906.60975
1824032.10869
1824189.26947
1824212.12474
1824272.10837
1824286.62484
1824401.57265
1824404.64070
1824530.34180
1824592.40326
1824603.95689
1824748.84980
1824857.63959
1824875.78302
1824891.30206
1824934.81046
1824965.59655
1825091.31040
1825091.75339
1825144.50365
1825153.16291
1825175.16327
1825175.76753
1825229.97155
1825397.19853
1825402.38348
1825477.87153
1825492.57803
1825571.60110
1825591.73844
1825716.31715
1825753.04136
1825771.36944
1825804.90048
1825814.54331
1825893.63007
1825926.49902
1825937.93299
1826060.58577
1826062.79265
1826154.60039
1826199.24443
1826224.47398
1826303.38027
1826344.42531
1826360.58482
1826483.73125
1826514.06172
1826520.18557
1826583.87934
1826665.08050
1826704.51661
1826870.81330
1826874.09538
1826977.64418
1826983.04963
1826997.61942
1827050.18583
1827056.43004
1827093.86705
1827150.59467
1827206.77581
1827237.12144
1827301.91239
1827400.19896
1827415.58805
1827448.83503
1827465.63266
1827531.39462
1827555.87193
1827630.39033
1827653.62251
1827679.04941
1827684.30671
1827688.39735
1827694.22324
1827722.73416
1827728.17153
1827745.35825
1827932.05662
1827940.42738
1828003.20537
1828155.14502
1828389.19393
1828398.84064
1828452.21642
1828529.95294
1828587.03639
1828687.60842
1828692.38846
1828711.78075
1828736.93561
1828769.89090
1828863.97687
1829041.36476
1829125.04433
1829163.05359
1829191.19517
1829258.12233
1829287.31196
1829307.38562
1829329.45453
1829365.49695
1829369.13037
1829371.01941
1829451.37408
1829521.10908
1829590.10429
1829662.08125
1829797.70473
1829820.25378
1829870.12194
1829891.56034
1830112.78911
1830113.02651
1830277.23857
1830281.63755
1830323.10414
1830325.56380
1830343.35195
1830350.55443
1830378.57475
1830417.63843
1830441.95844
1830493.57623
1830568.06634
1830588.57511
1830598.16556
1830738.35224
1830748.24860
1830837.11900
1831101.47582
1831145.76846
1831249.81157
1831327.21340
1831368.89627
1831374.42809
1831461.50439
1831534.35768
1831544.18729
1831626.39938
1831691.18949
1831724.55173
1831762.45965
1831805.48198
1831943.95426
1832014.69919
1832115.18576
1832231.58210
1832350.91645
1832361.51492
1832471.45488
1832493.51810
1832673.45675
1832713.71839
1832756.03844
1832808.64727
1832913.04064
1832989.94237
1832997.47330
1833018.33262
1833151.96288
1833213.38994
1833250.89354
1833273.27748
1833366.29477
1833394.17100
1833401.94768
1833469.56261
1833503.43893
1833554.66123
1833571.32695
1833590.39059
1833746.95020
1833765.57098
1833870.11353
1833918.47949
1833924.75158
1833937.42525
1833988.59634
1834195.72236
1834303.87867
1834500.87654
1834542.95984
1834596.45585
1834645.12708
1835173.49440
1835257.25043
1835297.39660
1835442.02656
1835655.88811
1835729.31194
1835768.34450
1835847.37161
1835960.91603
1836070.88097
1836098.09286
1836162.92155
1836306.82690
1836322.70701
1836501.82847
1836546.76608
1836549.34137
1836628.07976
1836681.44797
1836703.97111
1836754.59053
1836804.47411
1836882.34059
1837059.07018
1837122.42129
1837187.26285
1837245.21250
1837268.29485
1837308.36182
1837308.36182
1837308.36182
1837308.36182
1837308.70450
1837308.70450
1837336.64978
1837352.01389
1837357.49388
1837370.95643
1837464.97896
1837521.52910
1837568.63872
1837732.75137
1838065.25023
1838149.98065
1838160.15572
1838249.27788
1838258.11833
1838303.64440
1838319.63323
1838357.37790
1838553.59311
1838577.09702
1838689.51543
1838701.68622
1838799.81152
1838906.62269
1838950.25377
1838950.51600
1839053.52996
1839070.17174
1839156.58659
1839163.53886
1839212.96131
1839214.72182
1839286.97200
1839321.75154
1839664.79131
1839670.25406
1839795.08580
1839836.34514
1839883.20582
1839891.13678
1839968.17496
1839994.27966
1840041.20459
1840090.18454
1840109.42503
1840195.86900
1840217.36110
1840306.98540
1840317.08930
1840387.00140
1840396.39747
1840508.16481
1840623.73524
1840637.83360
1840734.26492
1840752.29054
1840819.88837
1841195.03762
1841227.38898
1841398.10107
1841430.50330
1841467.35793
1841574.61251
1841665.45747
1841706.87726
1841850.92616
1841872.91150
1841990.60039
1842188.95012
1842286.18268
1842298.10704
1842305.78349
1842321.92280
1842349.70694
1842406.91378
1842599.62409
1842600.55607
1842665.90495
1842830.60469
1842932.40525
1842988.56950
1843031.63416
1843083.60048
1843281.37879
1843383.80240
1843391.23749
1843557.36350
1843608.59854
1843663.22213
1843722.43077
1843735.86415
1843746.92154
1844039.60805
1844045.27632
1844093.24537
1844149.08336
1844209.24280
1844213.39897
1844326.88682
1844489.02639
1844589.46064
1844687.90430
1844729.85945
1844859.45473
1844871.33314
1845050.49696
1845135.38558
1845254.52928
1845262.46980
1845457.48886
1845528.79243
1845753.55760
1845779.35162
1845906.90821
1845913.79209
1845965.13718
1846042.87602
1846168.33382
1846169.06220
1846206.34061
1846249.57854
1846282.99455
1846609.69047
1846612.78896
1846686.19350
1846794.10781
1846814.86784
1846860.58351
1846874.46521
1846955.41774
1847034.06559
1847038.00984
1847052.45404
1847114.41774
1847117.18965
1847163.29643
1847231.56216
1847317.61522
1847549.98334
1847551.21632
1847553.06021
1847677.02052
1847740.81178
1847930.82546
1847933.97243
1848002.15494
1848145.70547
1848215.89669
1848284.23065
1848426.22403
1848636.60034
1848638.85212
1848754.40242
1848837.87149
1848916.73540
1848934.70545
1849018.05702
1849045.28925
1849059.22340
1849157.02806
1849184.90305
1849219.30763
1849277.79618
1849317.52690
1849368.07637
1849447.28246
1849541.23010
1849683.82048
1849690.82608
1849857.65912
1849882.40716
1849890.62341
1849928.84687
1850116.36379
1850121.35762
1850136.45921
1850136.75696
1850179.49432
1850195.89433
1850272.03045
1850289.54050
1850368.54171
1850451.98527
1850491.87423
1850586.61916
1850608.68988
1850743.67544
1850852.75382
1850923.58354
1851124.34329
1851146.74112
1851161.14742
1851208.17850
1851440.02512
1851539.64758
1851654.67027
1851694.38001
1851710.42089
1851772.69077
1851791.37259
1851800.57144
1851820.96740
1851939.26517
1851948.55854
1852056.09875
1852225.12863
1852438.69148
1852447.70682
1852497.57391
1852602.01796
1852635.28418
1852652.57143
1853026.15185
1853408.91234
1853874.98435
1853895.39226
1853991.23961
1854022.55226
1854026.21278
1854039.54929
1854099.28353
1854103.08657
1854129.40233
1854141.77313
1854267.32496
1854439.72420
1854492.46811
1854561.38917
1854912.52991
1854929.84619
1854973.22096
1855134.00631
1855195.81982
1855213.86181
1855354.42254
1855368.25512
1855377.91478
1855517.99438
1855605.35558
1855664.12959
1855683.62881
1855701.51146
1855782.34150
1855959.10252
1856049.27598
1856105.51203
1856110.85222
1856219.61516
1856269.27945
1856386.16682
1856390.96822
1856446.38208
1856473.65616
1856490.74880
1856569.67988
1856578.80425
1856636.50427
1856756.16611
1856938.80392
1857079.18903
1857119.33443
1857254.03723
1857391.47992
1857433.99815
1857564.77221
1857706.12800
1857723.71336
1857727.29999
1857932.87454
1857953.21482
1857971.67838
1858007.66455
1858023.84822
1858031.14165
1858167.14606
1858181.41872
1858212.12476
1858276.64319
1858284.69204
1858389.71839
1858391.68219
1858599.37268
1858690.98785
1858753.45867
1858861.57985
1859008.11276
1859053.40796
1859144.54774
1859258.27650
1859284.87330
1859376.58671
1859388.54550
1859433.09149
1859453.39608
1859572.04906
1859592.17358
1859707.35635
1859784.09003
1859826.20884
1859888.84813
1859913.75289
1859939.15091
1859950.62090
1859956.79877
1860086.56181
1860147.42154
1860153.42935
1860193.40089
1860564.80862
1860616.89718
1860801.29304
1860854.05223
1860912.53175
1860987.16585
1861008.32790
1861081.03894
1861088.23438
1861091.93710
1861232.33348
1861369.89768
1861397.35225
1861425.06448
1861494.91536
1861539.95543
1861593.10811
1861710.15351
1861754.56869
1861779.65391
1861883.28646
1862005.86365
1862042.04650
1862042.65385
1862060.15150
1862110.61885
1862229.70628
1862314.84631
1862418.57343
1862475.19796
1862676.13811
1862809.37152
1862877.22692
1862980.15108
1862988.91274
1863001.17378
1863052.81554
1863149.40677
1863286.51931
1863326.82629
1863377.45693
1863394.48094
1863575.63650
1863605.61818
1863613.84920
1863694.86324
1863738.43720
1863758.35498
1863827.49371
1864069.39838
1864110.53493
1864230.49573
1864258.59901
1864292.69807
1864303.46208
1864307.53792
1864395.33621
1864524.29546
1864550.55020
1864655.24982
1864670.78485
1864722.73539
1864814.53850
1864934.25140
1865034.49277
1865098.17790
1865134.96839
1865346.97072
1865367.95040
1865463.87671
1865477.59377
1865481.79089
1865701.47695
1865735.62989
1865842.61955
1865868.97055
1866224.05317
1866275.90725
1866488.95640
1866830.29968
1866908.60153
1867045.38231
1867131.69788
1867253.73768
1867263.30813
1867407.44999
1867415.30009
1867419.63019
1867542.29035
1867546.73670
1867743.89532
1867928.15912
1867934.83006
1868080.77812
1868264.49235
1868303.38795
1868315.56913
1868371.82130
1868374.35778
1868546.92459
1868589.04420
1868746.38810
1868780.00729
1868863.42057
1868865.00500
1869256.13981
1869280.44144
1869390.67253
1869413.47001
1869454.97136
1869508.29340
1869537.84666
1869668.44620
1869810.90209
1869827.96095
1869844.02447
1869931.53585
1869972.74742
1870010.62747
1870066.89301
1870140.71418
1870164.91910
1870176.98442
1870251.75259
1870286.45972
1870430.79951
1870459.42688
1870592.50370
1870645.35450
1870649.21426
1870756.45311
1870793.72438
1870841.02498
1870859.89607
1870906.79629
1870907.68275
1871059.74519
1871438.51928
1871447.26487
1871497.36162
1871514.29743
1871888.35358
1871918.82633
1871954.37801
1872003.80080
1872039.17316
1872112.00626
1872117.75334
1872149.27128
1872274.21353
1872664.60928
1872846.18333
1872900.54966
1872972.46937
1873027.22114
1873041.94415
1873241.59429
1873268.24401
1873547.28547
1873558.85110
1873618.97851
1873726.17698
1873801.03524
1873985.05800
1874213.09373
1874433.75606
1874556.95158
1874612.78122
1874673.24311
1874762.96220
1874930.96161
1874957.58445
1875195.80012
1875262.53643
1875384.28967
1875804.84766
1875926.93507
1876044.62234
1876097.26142
1876105.48499
1876163.28299
1876169.27949
1876205.50174
1876475.30389
1876480.18599
1876525.63593
1876525.63593
1876579.18454
1876686.88759
1876735.31974
1876757.28381
1876934.16584
1877061.13005
1877146.94665
1877298.72165
1877309.49503
1877330.78181
1877359.16462
1877402.13293
1877422.71281
1877429.89125
1877443.15379
1877465.36185
1877637.12718
1877701.86576
1877813.87201
1877895.62209
1878017.99782
1878081.42728
1878081.42728
1878172.76451
1878295.47523
1878301.34691
1878318.89485
1878337.11539
1878438.60981
1878517.65376
1878815.40458
1878919.30617
1878963.65859
1879027.45242
1879048.54385
1879060.38474
1879253.11482
1879268.70024
1879382.30037
1879422.12472
1879481.62375
1879545.46435
1879545.46435
1879546.10077
1879591.30363
1879606.95426
1879611.44916
1879616.13388
1879624.88078
1879787.99864
1879835.09765
1880024.80030
1880418.11659
1880518.65588
1880620.03415
1880634.20736
1880726.47904
1880729.96908
1880805.41805
1881043.06406
1881043.13639
1881122.07886
1881131.33295
1881270.45373
1881466.81758
1881526.44980
1881582.91438
1881622.88721
1881683.61373
1881822.14020
1881914.56545
1881957.44801
1882190.08588
1882368.34660
1882403.51242
1882440.69332
1882666.21122
1882686.77038
1882859.14559
1883020.00512
1883020.33200
1883046.48448
1883049.01218
1883052.94491
1883099.20558
1883099.53324
1883099.54122
1883099.54122
1883099.54122
1883099.54122
1883099.54122
1883099.54122
1883099.54122
1883099.54122
1883099.54122
1883099.54122
1883099.54122
1883099.54122
1883099.54122
1883099.54122
1883099.54122
1883099.54122
1883099.54122
1883099.54122
1883099.54122
1883099.54122
1883099.54122
1883099.54122
1883099.54122
1883099.54122
1883099.54122
1883099.54122
1883099.54122
1883099.54122
1883099.54122
1883099.54122
1883099.54122
1883099.54122
1883099.54122
1883099.54122
1883099.54122
1883099.54122
1883099.54122
1883099.54122
1883099.54122
1883099.54122
1883099.54122
1883099.54122
1883099.54122
1883099.54122
1883099.54122
1883099.54122
1883099.54122
1883099.54122
1883099.54122
1883099.54122
1883099.54122
1883099.54122
1883099.54122
1883099.54122
1883099.54122
1883099.54122
1883099.54122
1883099.54122
1883099.54122
1883099.54122
1883099.54122
1883099.54122
1883099.54122
1883099.54122
1883099.54122
1883099.54122
1883099.54122
1883099.54122
1883099.54122
1883099.54122
1883099.54122
1883099.54122
1883099.54122
1883099.54122
1883099.54122
1883099.54122
1883099.54122
1883099.54122
1883099.54122
1883099.54122
1883099.54122
1883099.54122
1883099.54122
1883099.54122
1883099.54122
1883099.54122
1883099.54122
1883099.54227
1883099.54227
1883099.54227
1883099.54227
1883102.28174
1883104.98726
1883138.71751
1883264.14640
1883264.14640
1883264.14640
1883264.14825
1883264.14826
1883264.14870
1883264.15086
1883276.22721
1883427.54982
1883973.03807
1884180.25091
1884317.39927
1884493.78095
1884608.01698
1884623.24789
1884670.28253
1884956.55313
1884973.48800
1885231.04430
1885321.79169
1885433.57986
1885768.59708
1885857.75161
1886134.98559
1886176.21284
1886219.76817
1886433.65155
1886449.11980
1886538.86988
1886682.90682
1886763.85899
1886781.26462
1887077.39668
1887281.87804
1887296.68500
1887369.15092
1887403.60279
1887425.81810
1887460.14540
1887469.47708
1887515.30406
1887577.04126
1887579.52737
1887650.46359
1887777.00759
1887894.80892
1887995.79285
1888178.67949
1888202.65153
1888262.20881
1888728.64009
1888958.35478
1889018.04409
1889025.90734
1889109.85193
1889255.13210
1889280.56846
1889284.09332
1889460.03686
1889802.50236
1889837.66973
1889899.16241
1889969.99514
1889989.96144
1890012.09485
1890012.09486
1890055.66376
1890120.71794
1890280.41161
1890376.64118
1890451.59229
1890531.94664
1890792.39300
1890821.47331
1891039.22727
1891105.19412
1891230.86221
1891264.80697
1891316.17286
1891440.23928
1891470.14515
1891660.05344
1891801.06337
1892301.97122
1892342.76466
1892386.84573
1892548.84839
1892582.76733
1892656.69192
1892729.99203
1892989.40123
1893188.93909
1893382.74973
1893487.21923
1893575.86201
1893747.38284
1893816.08389
1893861.34984
1893868.53404
1894496.49393
1894526.93940
1894845.60206
1894864.01656
1895115.07708
1895148.25024
1895193.08115
1895225.85691
1895343.72053
1895379.05537
1895416.21399
1895474.44340
1895645.34130
1895659.43654
1895742.28108
1896193.12726
1896332.80405
1896547.60554
1896691.27855
1896725.28619
1896754.85828
1896793.78362
1897060.07374
1897074.68836
1897141.87049
1897161.04043
1897323.47012
1897379.83622
1897669.14383
1897861.57308
1897911.17155
1898054.16400
1898175.11378
1898534.81002
1898598.31785
1899022.75335
1899142.91478
1899262.64428
1899679.91141
1899742.56587
1900006.77263
1900298.56264
1900314.18227
1900324.75995
1900508.72946
1900639.67840
1900643.65463
1900859.59944
1901449.39194
1901492.07381
1901674.97609
1901718.72653
1901905.11594
1902033.39095
1902385.24832
1902435.68966
1902728.48807
1903333.80239
1903338.48609
1903423.48331
1903490.07637
1903583.46996
1903815.35472
1903883.15450
1904519.98962
1904601.82749
1905118.92949
1905219.06384
1905343.29571
1905712.49888
1906219.15788
1906580.49530
1907028.78062
1907264.78670
1907272.79671
1907296.52690
1907417.26456
1907528.46851
1907862.88255
1908055.97349
1908084.98284
1908375.62683
1908475.39827
1908551.57734
1908793.47359
1908827.14916
1909322.86772
1909324.16840
1909505.22850
1909662.96747
1909703.91517
1909957.27722
1910189.01506
1910242.06724
1910377.53611
1911485.94108
1911544.95177
1911546.43755
1911589.94195
1911774.94482
1911920.82912
1911956.78775
1911957.84878
1911957.85099
1911957.85667
1911957.89057
1911958.07146
1911958.07843
1911958.07843
1911958.07843
1911958.07843
1911958.20238
1911958.43335
1912046.42557
1912252.28796
1912362.70777
1912507.14672
1912509.79589
1912688.08165
1913350.12092
1913362.26784
1913471.95433
1913510.01129
1913512.29853
1913520.57074
1913581.00389
1913627.78084
1913822.31849
1914643.70402
1914680.14829
1914925.47187
1914950.33655
1915012.93518
1915071.06913
1915126.03942
1915130.54394
1915187.90868
1915328.21022
1915528.31747
1915572.68464
1915572.68464
1915852.44384
1916005.22301
1916244.54551
1916386.61760
1916408.51717
1916565.52807
1916572.98044
1916626.78504
1916791.34751
1916870.14285
1916944.32464
1916959.40845
1916991.29463
1917106.03270
1917197.90861
1917443.20857
1917700.90877
1917859.25364
1917948.00300
1918310.57127
1918423.14621
1918487.26087
1918916.48643
1918987.34145
1919247.01170
1919286.77511
1919665.36236
1919706.75846
1919719.43785
1920124.53428
1920325.85282
1920517.88693
1920589.18420
1920631.20791
1920736.56767
1920894.19243
1920926.02622
1921320.62597
1921389.02771
1921498.00692
1921683.55063
1921745.38854
1921833.68691
1922137.96905
1922423.94813
1922587.02928
1922697.64111
1922753.71274
1922828.80162
1923125.20740
1923346.22303
1923375.50173
1924397.29594
1924455.22489
1924802.98076
1924942.45731
1925036.96529
1925343.17005
1925569.54594
1925821.94207
1925877.30316
1925915.03912
1925995.76364
1926492.63701
1926546.21730
1926553.34415
1926833.35519
1927038.62602
1927976.45347
1928242.97376
1928541.95100
1928775.34125
1928855.53824
1929153.05293
1929190.80463
1929199.42048
1929201.41274
1929418.67800
1929775.03052
1930247.94115
1930281.33182
1930431.04180
1930448.13856
1930600.77463
1931450.03508
1931572.34548
1931606.68475
1931925.02943
1932242.39080
1932990.62207
1933467.77087
1933579.29022
1933583.57890
1933697.53246
1934203.28548
1934303.47387
1934873.56912
1934878.84559
1935070.23354
1935074.68845
1935608.04790
1935885.41700
1936038.04855
1936403.06708
1936534.82985
1936637.95380
1936642.01485
1936642.01485
1936825.37409
1937766.95133
1938812.73429
1938904.02812
1939609.51185
1939904.31568
1940017.95550
1940073.68406
1940142.53497
1940207.08358
1940309.67979
1940399.62999
1941041.72647
1941487.06363
1941589.62661
1941901.81550
1941957.61951
1942239.50267
1942595.81523
1942717.89867
1942883.91255
1942901.62832
1942936.70761
1943213.60033
1943481.34251
1943537.63963
1943540.51338
1943866.90840
1944383.66643
1944416.68280
1944647.12138
1944826.29304
1945484.03881
1945601.18289
1945873.70572
1945899.29023
1946113.86421
1946348.01471
1946438.43407
1946447.21776
1946998.13063
1947607.08293
1947734.66687
1948090.33806
1948929.37066
1949988.32491
1950703.29820
1951021.01933
1951440.89053
1951705.58217
1952489.55524
1953460.11686
1953706.91371
1954296.70608
1954297.17017
1954297.17055
1954297.39614
1954869.32919
1955108.98450
1955279.60412
1955449.70892
1956054.16709
1956222.98393
1956330.35568
1956522.66128
1957683.40123
1958013.99908
1958273.35803
1958273.40048
1958484.99395
1958863.79368
1959784.81785
1959805.06316
1960200.24097
1960330.87086
1960437.35900
1960475.17604
1960798.52074
1961136.66940
1961363.70278
1962557.00129
1963183.83742
1963950.68184
1964642.06992
1964701.97853
1964741.56810
1965000.03533
1965898.68586
1966004.86639
1966056.87352
1966177.93419
1966465.31039
1967250.10476
1967775.45770
1968293.87839
1968570.34475
1968837.77303
1969433.01588
1969727.50561
1969894.80729
1970107.28512
1970397.57077
1970742.72711
1971090.60566
1971230.94162
1971991.12317
1974211.86185
1974862.06572
1976010.42575
1976022.53047
1976883.69121
1978347.24116
1978484.01110
1979546.56784
1979947.69892
1980237.71521
1980286.88239
1980290.42841
1980536.36796
1981148.35014
1981246.15278
1981450.91594
1983025.02993
1983472.00117
1983747.25856
1983961.92252
1984581.21184
1984703.06054
1984706.88107
1984994.96687
1985537.36944
1986764.17495
1986968.81920
1987221.14752
1987351.58921
1987540.42462
1988272.07837
1988449.10811
1988847.50211
1990362.04338
1991571.52727
1991687.61066
1991944.19108
1992508.50335
1993048.25943
1994259.41757
1994563.26152
1994937.67397
1995282.51394
1995547.25920
1996735.87266
1997518.36347
1997565.22448
1998512.63085
1998563.57036
1998812.02666
1998866.16082
1999288.38022
1999506.59659
1999745.88894
2000329.06353
2000841.82399
2000946.47398
2002103.41978
2002230.82560
2002674.66686
2003634.50315
2003711.26155
2004029.34827
2004125.44159
2004336.19977
2005378.12587
2005439.11339
2005678.02399
2006111.09709
2007687.58593
2007712.79998
2008169.03366
2008169.03366
2008243.57132
2008324.25147
2008808.12213
2009505.21072
2011120.57206
2011247.79912
2011251.36133
2011906.31230
2011958.07453
2012175.64690
2012908.32655
2013502.45881
2014557.20292
2014563.08877
2016211.05026
2016804.74852
2016989.18547
2019085.50365
2019227.38316
2019244.50240
2019533.87681
2019898.49189
2020404.37601
2020470.96010
2020635.67325
2021175.35123
2021828.91861
2022310.39065
2023164.80420
2023341.31309
2023574.66615
2026424.81288
2026451.57328
2027412.90591
2028461.83332
2028662.05539
2030043.48073
2030097.91989
2030360.54288
2031998.80799
2032077.91371
2032149.48599
2033320.54909
2033902.72572
2034350.02041
2034874.51249
2034933.10672
2035811.58268
2036003.86031
2036034.15208
2036164.76316
2036191.08288
2037547.15564
2037547.15567
2037547.15567
2038447.58288
2038906.22617
2040598.58765
2042043.03666
2042698.71031
2042795.21003
2043535.75324
2043536.46963
2043572.10677
2044021.78387
2045160.09536
2049656.81586
2050438.89534
2051845.04718
2052287.16599
2052498.27552
2053626.37374
2055007.21912
2055266.13512
2055282.62410
2056561.48126
2057280.67471
2062021.50658
2062021.50658
2062053.10563
2063221.19210
2065198.34565
2065406.87150
2065995.88979
2066454.78620
2067766.50868
2072453.01393
2073690.49542
2076569.68579
2077103.87389
2077628.86551
2078062.55359
2078093.55104
2078652.00378
2079836.29074
2080588.72971
2080762.98589
2080840.70279
2083621.28740
2084286.98197
2085132.40669
2087112.15347
2087374.70336
2087856.31836
2088364.97026
2089492.17121
2089687.98119
2093259.46023
2093746.46621
2094887.19857
2096364.89903
2097973.99146
2099664.13874
2100561.94735
2101712.47379
2104292.52744
2105062.15176
2106068.11952
2106079.52090
2106204.95294
2108790.68755
2110665.88302
2111840.44582
2111840.44582
2111840.44582
2111840.44582
2111840.44582
2111840.44582
2111840.44582
2111840.44582
2111840.44582
2111840.44582
2111840.44582
2111840.44582
2111840.44582
2111840.44582
2111840.44582
2111840.44582
2112470.60172
2112483.41202
2118390.11644
2119640.43308
2119659.35004
2119662.61582
2121540.98940
2121679.01377
2122796.64181
2125979.67721
2131863.26010
2133138.33530
2133550.86456
2133569.67547
2134236.82994
2135484.73149
2135515.80245
2138521.54826
2139451.59432
2142216.56316
2142651.86619
2145380.02996
2148559.81096
2151392.39580
2153465.20835
2153701.76965
2154116.65722
2156457.47972
2157644.32931
2158302.96296
2159509.40783
2159509.40783
2159509.40783
2159509.40783
2159509.40783
2159509.40783
2159509.40783
2159509.40783
2159509.40783
2159509.40783
2159509.40783
2159509.40783
2159855.29404
2159941.52839
2161908.08472
2163618.32123
2163618.32123
2163618.32123
2163618.32123
2168616.55438
2170476.51901
2172731.72254
2173754.05280
2183819.73915
2185020.74508
2186834.03426
2188740.11214
2190348.17580
2191990.64929
2191990.64929
2191990.64929
2191990.64929
2194496.66612
2195701.59134
2200221.00247
2200852.33378
2201794.21358
2203088.85880
2204151.56851
2204824.54628
2205545.00723
2206850.24549
2209641.69895
2211395.38470
2213632.42625
2214110.51018
2215307.35767
2215909.14945
2221055.26954
2224974.53879
2227830.20066
2229870.65805
2234775.40606
2237586.99311
2244516.13225
2247166.74149
2248196.64830
2255481.78426
2256409.70831
2258649.16574
2259647.00749
2263452.87905
2267415.87129
2272194.44635
2272646.29419
2275026.60426
2276490.37489
2277565.03960
2279272.77687
2280826.27208
2284183.91967
2285335.18852
2286904.79588
2286925.95435
2287592.84371
2298066.67822
2300030.41920
2301342.49546
2302238.56287
2304475.06881
2304741.96943
2306201.64140
2307522.22177
2309293.45188
2310859.85824
2311624.24840
2322551.54532
2323332.30510
2323990.06035
2331374.32398
2331390.44702
2334191.89441
2336419.48493
2337708.87492
2342240.00272
2354341.63802
2360756.00196
2360831.52774
2362129.37298
2362541.44410
2366215.44014
2374357.44638
2378895.40141
2379268.57000
2381084.91701
2394057.46816
2397652.96499
2397923.28264
2398461.49257
2399118.67318
2403455.29118
2407180.94696
2407180.94701
2414160.04084
2416508.77817
2416508.77831
2416508.77832
2416508.77832
2416508.77832
2425057.44492
2426246.89914
2427738.96009
2431739.75968
2432474.17695
2443416.94589
2452956.95412
2458466.94806
2463543.18813
2464106.50166
2466912.03221
2472200.61123
2472200.61127
2472200.61127
2473537.57980
2477002.49767
2477242.41508
2486361.87214
2486651.21306
2505140.60249
2523209.87495
2525467.82307
2526473.96283
2526672.73035
2529119.97023
2531638.59539
2550857.20151
2586644.90418
2588779.96439
2605395.52776
2606239.16353
2618450.65154
2621190.73552
2623368.00808
2655751.89200
2686844.74636
2699814.03075
2702322.50043
2706623.50915
2708178.81679
2709861.92933
2724309.67396
2736539.89416
2745992.17911
2758888.90313
2759662.44782
2783242.24510
2786908.69945
2793193.80521
2799930.79203
2802117.11320
2807151.12779
2811271.61512
2811840.15639
2818420.25340
2826608.18803
2830674.26495
2841430.84343
2865417.16845
2871188.54995
2871563.62546
2886186.20464
2889375.42683
2892828.90636
2899383.99567
2908845.74678
2941019.53851
2956740.55298
2960395.27989
2976684.87546
2991838.57836
3000733.12097
3004446.59784
3005482.05393
3029360.78810
3046028.48236
3052179.39942
3073640.37545
3095429.08932
3122504.26428
3189531.41496
3318163.60645
3331426.77320
3353008.47220
3442221.02255
3444174.01031
3476827.64752
3504641.22487
3555927.75088
3703329.49365
3883993.03518
3994104.46543
4119144.39117
4166013.25333
4166401.50425
4371360.30101
4510145.14780
4613969.54174
4614202.08851
4646821.86298
4661754.73604
4661897.74139
4668259.03759
4694811.82481
4694817.19657
4694827.58136
4694827.92400
4694827.95623
4694827.95634
4694827.96237
4694841.41830
4694841.84077
4909596.14774
5548417.07515
5766920.65633
5847572.89402
6557914.82884
8313519.76339
8477326.49369
15507701.10575
19089500.89600
19552260.73031
39700617.15083
144413259.52611
202240470.03507
228472765.27325
249633504.07798
934596933.20711
6312380978.32868
93185991643.41790
170034238980.50000
929571275913.54800