1682257.28242
1662984.88495
1715329.27376
1798162.86269
3581596.37339
1728666.66939
1678958.25848
1847090.98113
1984303.69722
1663719.00427
1787211.53872
1782323.94487
1728980.4741
2137157.26843
1803325.82214
1721569.1307
2168422.64278
1570568.16079
1709297.67904
1718018.07039
1780240.44734
1781760.12777
1596831.73239
1671745.59676
1947774.33452
1727152.38292
1628099.79304
2392851.96022
1830048.08128
1655191.54079
1576620.06202
1660351.86644
1881620.05414
1621437.17806
1759282.95901
1782982.46873
1792047.62045
1887211.57306
1616320.35942
1766464.33567
1834242.0367
3147060.55644
1808543.59837
1653582.61783
1605474.71046
1681126.52477
1715624.92055
1775661.84463
1891930.40141
1673142.45754
1727363.64454
1724133.49087
1635996.67859
1759486.58548
1810624.2224
1715768.06511
1667784.06346
2121136.67994
1706957.65549
2814505.53534
1852714.96856
1792169.61606
1849641.88976
1696437.98876
1627458.81071
1845192.05675
1867582.02354
1762962.94775
1745813.49869
1929245.11374
2500995.28812
1847620.4765
1857119.93895
1907774.97695
1663769.50009
1716376.97753
1641284.49868
1740175.74602
1681963.61637
1767065.13473
1929245.11374
1920062.04761
1640176.98633
1748252.59019
1602341.39043
1840206.92725
1792310.95251
1931598.25322
1700409.1204
2401839.87805
1703100.92877
1839566.29896
1920213.6231
2553915.1845
1735031.55115
1757694.1287
1779687.90968
1616029.53231
1759677.50283
1759476.49129
1820822.65142
1874596.68131
1812065.72702
2621224.41476
2020709.41573
1717398.75104
1672244.05338
1812722.61334
1797157.69972
2115155.94981
1866454.57066
1796841.66238
1929245.11374
1712506.50318
1744228.27884
1762443.64125
1941610.63807
1715945.54528
1699829.00755
1656592.51361
1858648.00936
2286461.2828
1802462.74687
1626789.39444
1851978.23761
1847620.4765
1777216.56156
1585709.15346
1834249.12095
1696101.9178
2454772.44174
1784744.33709
1791447.77903
1849031.23706
1680011.46071
3141463.27892
1872247.00083
1722633.87312
1782285.67071
1817426.14599
1802836.41243
1628354.26468
1696844.49194
1766526.10023
2220805.79937
1791224.12389
1775959.18239
1770277.65131
1851465.41318
1806550.65949
1784915.29724
1711145.39924
4461396.65161
2291001.87376
1729407.43736
1742001.20936
1853518.68669
1705797.62057
1613940.03773
1931529.98356
1771588.77281
1802986.42876
1718290.20408
1679493.90681
1693510.70365
1711502.46099
1721175.91235
4416221.26929
1852721.46033
1736915.03711
1718756.76932
1793708.62554
2114668.15122
2071403.3966
2132244.91924
1725004.10498
1655484.95714
1832858.52315
1756746.45378
1832631.46681
1737028.88243
2002698.40311
1713080.28057
1979788.24039
1837520.90928
1746249.89884
1731052.96137
1855989.46398
1680755.8857
1821796.74103
1746451.01428
1727604.05329
1687717.26122
1728764.14387
2171918.29003
1682877.68197
1696240.96146
1929245.11374
1936790.65643
20979158.727
1715596.39036
1847620.4765
2217960.29949
1941074.76519
1753985.94847
1722180.09656
1784670.25105
1717948.11774
1710929.38545
1722163.1852
1929245.11374
1796865.15068
1648704.15893
2875948.35649
1722696.87083
1782947.81248
1852166.26967
1866100.41912
1847620.4765
1823609.59321
1797831.4028
1929245.11374
1722175.49201
2083398.90975
1909563.02413
1757878.1708
1834293.35518
2632682.39831
1736339.79738
1806282.02314
2174253.40321
1795628.74597
1765664.53361
1616065.58521
1733663.92363
1929245.11374
1798989.97517
1697500.88985
1826280.50037
1850558.35318
1725880.90846
1668663.17528
1859490.47108
1748313.06155
2107715.96688
1691857.36311
2491187.06836
1798783.41786
1658796.59118
1716019.91353
1733545.71315
1691322.06154
1715915.89925
1909217.85471
1784259.00287
1701329.13808
1742016.48598
1764310.05322
1683994.50088
1551693.88478
1725674.66179
1761878.85946
1802775.66239
1661796.52529
1937816.72253
1703577.76072
1561082.02979
1732888.92179
1988659.5989
1841995.16681
1934711.80437
1967484.4174
1788108.29481
1668012.88432
2655265.76915
1720677.95276
1766647.75411
1707616.02224
1872520.21578
1734642.27669
1862263.18473
1774832.05883
1507784.49803
1929245.11374
2386891.01735
1959334.98747
1706398.01332
1811166.13319
1929245.11374
1733840.20264
1807425.89304
1724910.9793
1667583.93102
1744946.74477
1666728.12641
1725414.97563
1698527.04837
1685406.78116
1706050.90934
1847620.4765
3680326.85658
1719620.46548
1720955.13513
1929245.11374
1680691.65979
1854699.21951
1670697.39392
1750070.62855
2107715.96688
1697645.40843
5027656.06037
1757373.45281
1756111.16233
1837577.58704
1793145.30325
1765562.88354
1605196.21758
1912011.66854
1816972.30512
1805887.26235
1766019.32242
1929245.11374
1746721.63497
1989250.37221
1665443.8186
1912976.66872
2024251.84089
1816426.85732
1757125.25552
1929245.11374
1703090.40538
1929243.65746
1719893.978
1689826.36372
1706474.27954
1914759.4668
1706133.67491
1682811.07511
1783347.70108
2066946.74988
1702554.82879
1694954.9958
1884730.46354
1950673.70016
1770427.74673
1676712.94754
1752680.01122
1914115.5466
1693971.04315
1713264.47942
1800273.69242
1867980.26641
1675904.7744
1765769.69574
2273323.9587
1750754.57549
1779134.54106
1929245.11374
1739605.78901
1796367.55042
1683488.55324
1766077.06787
4369827.38715
1668180.31779
1694018.65542
1929245.11374
1929245.11374
1762792.55288
1638536.52137
1744154.03291
2383905.14024
1726576.02738
1762642.64789
1759767.24134
1728983.94701
1800406.57651
1700502.41977
1677138.71291
1754308.71673
2173025.23344
1718366.35078
1749210.95295
1893031.75288
1713680.90578
42814509.4414
1699825.54093
1906796.22953
2231164.62836
1717686.97816
2303353.31069
1783216.41142
1822974.08479
1662864.19497
2694778.78796
2696927.51868
1672184.9283
1808266.49913
2155592.42537
1702274.96796
1669609.52844
1733086.66998
1883300.30339
1931461.16537
1698772.18966
1737455.50892
1929245.11374
1729848.4469
2107715.96688
2107715.96688
2107715.96688
2107715.96688
1781808.31831
1727834.03586
1921188.30812
1788458.63873
1735990.80725
1929245.11374
1679479.76144
1689322.83725
2578133.831
2664780.79657
1959418.57101
1728980.4741
1740722.91131
1847620.4765
1696372.42654
1933205.88174
1927599.60794
1655223.53831
1735474.28983
1902561.75915
2240936.65146
1654894.2513
1678142.82018
1639752.14351
1679878.42043
0.0
1684949.73423
1773801.00095
1898117.37268
1760941.91286
1722561.48631
1816924.69909
1754173.14899
1848395.1124
2027791.62951
1989963.22192
1710921.22815
1823579.34286
1929245.11374
1867351.92136
1637032.21562
1650547.84611
1736908.31671
1646205.65016
1667577.65723
1935617.25099
1787200.92489
1718801.00229
1711675.81058
1728418.85676
1748537.04299
2098328.65075
1818422.95593
1722694.14848
1746093.536
1738919.37302
1627575.53462
1859727.21756
1847620.4765
1744450.20288
1683261.9011
1674676.82575
1772484.92223
1736061.58301
1722765.21633
1704790.42113
1668799.98181
1677882.41236
1718594.02449
1717182.08527
1797767.96473
1715942.33139
1929917.18461
1853272.88199
1889879.92127
1807227.54134
1718200.45959
1742480.47165
9319891.74044
1916571.42501
1773640.18214
1897081.33585
1712681.22353
1744993.1373
1711226.65185
1840954.10834
1751856.21676
2737084.66018
1852437.41142
1808070.9425
1639816.06552
1860638.91254
1785124.08992
1792125.93318
1714237.28795
1731214.06435
1685859.36522
1697918.90912
1696095.83883
1660570.71542
1902940.83643
1642764.68619
1835996.18475
1613008.37593
1817400.19862
1889152.61823
1849206.85899
1931442.70787
1681297.56593
1769381.11919
2230045.39271
2184255.48474
2489773.59375
1743795.59091
2395407.39391
2068981.26282
1662110.26121
1681471.74105
1929245.11374
1736853.77378
1929335.35713
1851472.95008
1747534.57703
1817476.90934
1799022.06888
1764610.4727
1847641.73787
1722075.55794
1929245.11374
1694377.5007
1696695.47393
1716113.41826
1684551.59306
1719955.40023
2286396.93759
1706435.1293
1700579.71973
1674898.45448
1625689.63905
1847891.13933
2442637.85576
1840209.1117
1697821.89665
1849481.41081
1714927.93836
1805793.08182
1808895.15938
1785869.77152
1803104.28486
1738763.97353
1853698.97164
1763220.43476
1714312.61695
1613292.87854
1902156.67992
1766727.67471
2102475.82011
1845441.17884
1929245.11374
1773411.9274
1661811.82037
1819998.76705
1836830.78714
1690101.23824
1706981.75017
1847158.25
1704520.59626
1674858.9911
4561323.68368
1722488.33722
1943220.06099
1780968.14939
1709472.34305
1662604.15016
1745511.61408
2295607.96586
1884464.45898
1658241.31909
2208507.9962
1817230.43077
1831537.06571
1758269.63775
1924086.6009
1929245.11374
1726468.91074
1791193.90645
1653107.70776
1795278.06669
1981894.38248
1689086.0639
1921609.12512
1766670.68924
1805581.05537
1749009.25951
1810877.07049
1788204.89891
1695371.75399
1731163.97214
1667776.79808
1822960.63247
1893031.75288
1659981.11379
1817626.61409
5414410.67565
3138196.00796
1592864.42967
1835002.63238
2379058.14303
1747005.12829
1721415.71869
1704079.07562
1699535.41264
1697844.73756
2409205.66216
1713570.62367
1758957.01798
2859007.60448
1756746.45378
1765253.62325
1732041.25648
1737262.65521
1747627.84405
1736267.45613
1705247.32349
1857291.38752
1813006.75686
1724534.87994
1811800.36382
1847620.4765
1942027.83759
2231388.35629
1684397.15533
1653852.19165
1828385.87662
1906653.98851
2154650.80829
1893031.74535
1823914.64789
1803468.36305
1579496.5857
1809767.41222
1725587.82668
1756967.26223
1638260.68865
1720269.02156
1570323.59568
2010281.69028
2109967.9107
1765176.41072
1711637.59704
1667101.05221
1655428.0644
1629179.50352
1669665.80081
1761750.27934
1760080.54358
1761217.03571
2114668.15122
3177722.39282
1918467.34925
1804328.98487
1796521.8617
1929245.11374
1768987.30805
1928127.07918
1812425.53585
1827535.17971
1822235.39089
1736854.84773
1662498.1667
1677316.28798
1722660.96511
1754595.13057
1787530.17584
1753882.82336
2141649.51266
2078600.18084
1887212.86293
1936036.28382
1835551.13797
1893515.25629
1732943.43188
1809808.53216
1843907.6879
1699895.62023
1731725.98016
2595236.19472
1836610.43245
1792070.26376
1651579.01599
1670821.74044
1849997.61841
1879427.12847
6366702.23244
1715067.67985
1757330.1565
1825226.55897
1776275.0243
1778131.21168
1733775.0436
1718035.85816
2245652.34354
1857131.40732
1841109.75369
1893031.75325
1902940.06504
1813900.42973
1651850.09084
1729364.32641
1875755.82587
1715507.11743
1929245.11374
1733500.91424
2282707.23637
1844061.08725
1747267.01876
1667798.39327
1842058.3984
1858575.31175
1734700.50743
1900724.49866
1874554.08342
1914992.95156
1929245.11374
1852515.6657
1746432.90111
1859631.34663
1767428.71329
1792525.39665
1819772.15718
1784826.57478
1685570.46377
1778957.66173
3768776.39302
4515960.06328
4515976.42361
1800464.68723
1891541.54154
1655722.2716
1807892.90328
1847620.4765
1840507.81966
2037551.49695
1624353.42704
1811328.70362
1852986.53206
1826328.10928
1674471.91228
1619273.63902
1863148.79355
1771199.1949
1682233.10023
1596185.39568
1754776.95668
1749598.31784
1661274.77371
1736864.35399
2567799.01934
1893194.12248
1853674.27678
2074805.80536
1648696.38015
1810911.71412
1993658.64194
1896560.35683
1764465.26739
1741451.13917
1761725.34109
1893410.67345
1747012.31944
1704936.39719
1802457.27862
1788121.85
1673990.83613
1787530.17584
1676237.55485
2748785.00849
1639265.25148
1773824.3509
1722109.64638
1937264.55012
1902940.83643
1788410.10369
1790721.08007
2022687.1267
1751967.23151
2166620.78963
1752254.93588
1797021.79844
1669646.56259
1768757.41091
1931653.1854
1788554.39112
1832116.21423
1845659.59595
1979788.24039
1832661.60601
1929245.11374
1690003.26012
1695920.98289
1669519.23637
1761116.89033
1538737.8144
1744478.55968
1880470.43989
1771950.27131
2283198.32039
1632472.85802
1716305.83566
1689326.42072
1922906.1851
1765934.20406
1728980.4741
1787852.21141
1792726.35871
1703913.91069
1777658.7454
1785945.65526
2337753.59974
1674773.13561
1703956.24094
1734241.31412
4515976.03151
2454313.60578
1905614.84544
1722771.60469
1733993.58082
1760313.5798
2087689.25539
1627298.65335
1676468.73307
1821740.83853
1903563.93235
1852452.85147
2725705.05081
1801627.64357
1712480.32567
1929137.55337
1723686.41493
1682500.04946
1718084.67964
2218783.60667
1798642.86758
1873512.35707
1736778.8084
1755679.04116
1819081.86348
1735107.90659
1712996.58577
1822182.42893
2001045.59255
2824861.03306
1922882.86769
1668237.67032
1738691.28387
1711889.3056
1796832.6396
4515989.77254
1846895.43448
1669197.1073
1739868.47593
1826467.48027
1839360.82415
1676758.18793
1712048.96911
2620769.74128
1712527.77228
1843005.3606
1776388.65678
1825695.366
2107715.96688
1762403.12144
1854444.44035
1693769.8123
1929245.11374
1789460.17027
2288763.20681
1652016.65454
1678659.10757
1649639.67298
1929245.11374
1701516.71912
1625007.00006
1680499.47135
1777284.39694
1767897.87115
1572558.19884
1694822.55347
1929245.11615
1628560.09751
1865279.03137
1968934.82016
1655563.72574
1736529.09222
3327079.04719
3094761.80594
1664025.05689
1768021.74369
1929245.11374
1651536.08221
1987543.47011
1696115.59879
1759648.61007
1735894.83389
1764287.91593
1902940.80609
1714258.59208
1724111.49029
1767617.29067
1717927.97706
1703139.41745
1955231.09517
1670005.45382
1751224.28677
1684757.55421
1674836.5409
1854125.69315
1759590.93461
1795178.22005
1700868.27732
4500918.62695
2278607.65523
1806131.64206
1848089.06233
1572317.66616
2254663.44839
1956072.12218
1693508.97422
1800568.96267
1671889.37576
11821444.4504
1736578.76078
1832983.16843
1790387.99177
1812798.09053
1929245.11374
1796692.38553
1741573.17428
1674534.63513
1680571.68365
1929245.11374
1704934.09627
1732856.41506
1993116.60062
1936651.28373
1700685.01434
1727169.58725
1929245.11374
1766580.74485
1688057.28642
1712523.22982
3086900.39164
1733785.90408
1754490.45528
1655608.27318
1722792.80763
1761943.2409
1617337.25936
1699601.63577
2264233.16024
1683447.24401
1722927.0976
4515990.21859
1656786.67802
1749485.52501
1783671.49312
1659947.11447
1772852.6315
1632723.68121
1851725.41366
1733757.93869
1812366.40332
1770360.18254
1696764.2467
1728980.4741
4515966.10466
1809845.61859
1820923.80033
1731888.21202
1749027.53091
1596974.6019
1955633.4282
1841625.72336
1929245.11374
1742269.00399
1676907.82235
1795623.52606
5114057.49347
1631849.8473
2114940.75929
1745737.12939
1709138.69169
1767356.83299
1790764.11387
1681323.13496
1729974.39104
1953529.18546
1658981.20191
1860365.29388
1741462.06006
1800247.75644
1672987.20183
3225090.099
1856386.20053
1771655.90349
1755089.42327
1814389.40086
1805402.21763
1684757.55421
1679634.3245
3122016.27139
1698500.72539
2739750.67741
1646278.04062
1791944.65834
1658536.16139
1793013.16487
1709834.07401
2069208.57893
1875251.81656
1828920.24778
1652393.84493
1646910.96183
1722711.1599
1734674.07002
1766914.11723
1624360.09099
1942696.24576
1760525.28371
1777336.70937
1703713.17769
1738934.0137
1981649.21015
1750503.43129
1878309.64805
2107715.96688
1749508.78988
1724196.01784
2107715.96688
1739735.51034
1983956.2312
1929061.36816
1728907.99697
2597005.44078
1922291.20016
1913352.37098
1802986.42876
1696455.89171
2199340.81755
1854746.9374
1631849.86848
1624411.64785
2117215.02342
1894912.82142
1881171.81501
1775532.54804
1672905.91957
1854353.35963
1692073.53861
1746000.82038
1662610.77732
1785833.45335
1675338.73965
1738056.81507
1989757.40729
1699138.2024
1857588.25586
1807987.92367
1584416.5503
1772023.98404
1715905.67273
1928442.87718
1765679.40439
1749286.23737
1824572.41298
1847620.4765
1847620.4765
1870496.15967
1940897.53537
1786672.8957
1736116.98553
1722001.65734
2005409.49669
1563545.67745
1730056.24284
1662283.13608
1743531.1246
1891891.40249
1702100.93982
1943928.05416
1996063.6606
1955441.88461
1684022.26434
1765743.76212
1698178.81016
2725705.05102
1748650.75707
1738704.36966
1799842.59268
1690968.02562
1683692.57678
1708994.55768
1713457.92008
1597670.96706
2012913.15968
1748343.69368
2716082.18166
1905997.72982
1714331.1794
1723587.65424
1791784.20035
2589782.40388
2022991.66636
1684692.29215
1880674.42115
1624852.93777
1929245.11374
1760158.58912
1659575.6642
1877194.94834
1570388.0842
1929245.11374
1702901.63403
1649862.00813
2062257.47696
1645753.48701
1970332.80071
1734972.69527
1713694.41933
1754419.89306
1964998.29675
1700804.60721
1647756.26871
2291026.33378
1709028.10674
1668900.36155
1754122.28212
1903183.53738
1464692.12639
1838924.44141
1676988.29396
1831490.72914
1688421.8534
3512760.08805
1724248.94452
1711134.894
1695576.01259
1683117.97431
1814523.17282
1547659.5141
1605188.90066
1746660.76505
1832587.36057
1840809.8561
1677770.32598
1871139.73065
1902939.67237
1678492.52815
1605254.57138
1727054.53178
1749758.70296
1761524.09804
1753115.19882
1700471.86961
1783975.63968
1641418.58502
2725705.05102
1734295.19546
1816500.04505
1847620.4765
1729108.07285
1701980.77561
1814085.10823
1746859.83856
1690115.43244
1953494.67803
2114668.15122
1751550.22723
1760205.55436
1800685.26764
1678542.99149
1779255.71699
1862170.44821
2658875.01672
1733080.33399
1609114.69041
1689348.38537
1680449.41434
1926525.18481
1908765.19121
1614099.03703
1738136.3176
4515976.41451
1820456.86426
1577606.96997
1670946.93766
1796513.39013
1723511.73429
1744946.74477
1762713.6678
1807671.67349
1805643.39913
1670086.05608
1817004.36559
1742864.81072
1764371.98038
1818573.13526
1811238.37314
1916825.61637
2473103.56836
1702099.06498
1795722.5812
1727026.91562
1742755.96516
1777871.62641
1929245.11374
2107715.96688
1717626.96036
1790409.98292
1902935.24859
1699374.87604
1746886.22479
1869161.31883
1628266.15643
1920697.15799
1730335.66735
2296404.2418
1893031.74535
1929245.11374
1862659.427
1677801.18697
1727387.54431
1696413.49639
4515976.4258
1851002.08238
1920526.2816
1902924.49491
1649818.67751
1911460.11373
1735562.45627
1670922.0698
1855770.58051
1741508.98569
1772699.36785
1687517.77048
1806736.13812
1862634.07031
2414823.42299
2111838.17254
1787841.80046
1761586.6665
1789070.21873
1868364.52995
2154276.33059
1766763.57923
1929245.11374
1724161.02257
1779997.17579
1715467.7626
1797452.31027
1697005.39286
1857683.68255
1647470.10429
1637303.14363
1847620.4765
1822560.33316
1837391.29139
1698498.43519
1660509.07059
1742282.66429
1840454.55434
1969858.4096
1761037.45322
1898866.64278
1694911.33869
1728485.49605
1803943.15785
2725705.05192
1894350.55632
1687497.72602
1808069.50819
1961306.16361
1576655.29368
1843524.26958
1890270.67835
2452470.60475
1681869.53798
1922547.20611
1736321.87489
1954063.46435
1847620.4765
1785161.89055
1736329.47278
1743151.47117
2954520.13439
1668678.14917
1919065.56864
1708912.27408
2107715.96688
1766856.31234
1692265.74234
1817775.74744
1814052.54925
1796247.46413
1819269.12312
1745636.25533
2701191.52352
1851906.90139
1700046.97523
1746446.65314
1698257.05289
1797890.3939
1820280.96373
1723074.10118
1929245.11374
2531409.87963
1929245.11374
1677044.12018
1711439.33834
1725327.20562
1650918.87443
1728495.84523
1831586.23648
1753857.51863
1712582.51608
146322038.298
1735104.23768
1686018.59848
2569201.71332
1775200.21202
1651597.75367
1760399.44976
1669772.64076
4398886.84773
1727834.03586
1679411.09134
1872708.69184
1780788.96234
1718086.84016
1670959.43087
1696501.13139
2725705.05102
1775880.16166
1686141.52111
1704302.19786
1979145.52838
1819207.77428
1793713.63096
1729869.83378
3051732.40158
1706772.81572
1777011.57723
1681358.37814
1764658.17571
1920698.66173
1976565.87909
6368043584.07
1678428.67873
1699155.00375
1847620.4765
1692545.35699
1855788.57114
1646927.34028
1753371.57632
1708681.86357
1774959.27631
1746369.36417
1650098.20894
2079017.80186
1717946.99743
1898274.56355
1616517.1497
1747997.13018
1879815.9258
1672647.87113
1839296.54207
1837321.0415
1817400.19862
1585434.77284
1767295.56054
2002525.93318
1813731.4172
1827533.60776
1878099.54302
1884626.10146
1688104.96559
1708440.30315
1897511.98529
1797042.67471
1878639.24906
1697915.32094
1583790.48788
1917347.75832
1804596.05993
1810460.50535
1714393.15279
1843411.35593
2106730.68553
2107715.96688
1710528.06352
1735356.05413
1914722.91691
1643384.82563
1864460.1161
1771703.89096
1958845.66208
1639358.45858
1868357.34492
1672434.74364
1800298.44625
1511316.70109
1699114.96465
1750133.29664
2061656.54168
1744966.40346
1682697.95473
1672953.15563
1720828.37854
1703928.91372
1753147.58553
1667185.28625
2071560.05818
1683789.32502
1817327.69837
1929245.11374
1743631.33187
2114668.15122
1613182.23498
2760725.33267
2161865.24951
1929245.11374
1776439.027
1806924.72434
1664904.54379
1701206.27784
1959831.72063
1816273.70908
2404501.62314
5205208.55765
1824770.57369
1902939.28876
1751436.30734
1836261.3316
15713224.7616
1815439.25785
1658309.06955
3404604.13572
1847620.4765
1929245.11374
1882205.65244
1767151.27687
1621442.84882
1762082.1714
1652831.3244
2041700.29299
1711746.4879
1662989.16996
2135954.11249
1724494.90033
1709162.37284
1929245.11374
1799698.48622
1914298.79075
1500760.84999
1758254.1278
1849470.06501
1972600.31983
1729274.06774
1663828.49651
1669482.47983
2107245.85516
1736800.88905
1929245.11374
1970450.06536
1699354.84139
1900378.08612
2426435.29607
1979788.24039
1697326.61317
1979060.25607
1873869.25145
1929245.11374
2472799.55025
1771284.68861
1679868.22301
1731586.53644
1774066.56318
2895515.88544
1989725.37383
2097033.37852
1898118.13612
1677985.00383
1782252.80979
1761455.40347
2053286.70753
1929245.11374
1794044.371
1929122.62103
1872520.21578
1890017.47948
1900596.96973
1750494.21324
1830388.59234
1663096.57124
1675472.21856
1672045.48161
1758308.33412
1900018.15487
1654627.46281
1897178.51319
1600653.80381
4175685.91632
1799596.82803
1753916.8982
1756208.2127
2016479.53155
1762156.55876
1986810.71465
1721602.77234
1701772.76385
230154331.339
1661811.82037
1863433.78929
1682324.16261
1847620.4765
1812497.03038
1715292.71098
2371210.61289
1847012.82917
1758938.69079
1715575.03316
1909630.9099
1712666.02733
1621247.74192
1818876.51174
1702589.95157
1848580.74467
2337149.54
1786001.04693
1697397.85671
1854007.39356
1695921.58228
2139582.71992
1813388.43886
1679115.43429
1664474.6036
1749792.40585
1855951.73221
1738008.68942
1857232.66215
1673904.83931
1655955.64171
1848769.51631
1902939.34514
1665151.7324
1846471.24729
1688606.27549
2038279.27748
1694236.56643
1671947.57921
1838222.99387
2457174.03321
1759298.29361
1712692.41368
1902760.8919
1860121.44701
1784014.74803
1929245.11374
3033079.36312
1653172.07505
1663546.1944
1760340.10471
1799894.80769
1898106.86919
1719828.9419
1676127.51446
1688593.77606
1663113.96892
1929245.11374
1814696.52012
1776750.26741
1745132.64445
1706440.41577
1784411.13851
1929245.11615
2039453.59162
2684634.21491
1695367.42464
1929245.11374
2107715.96688
2012635.2309
1706121.21463
1633982.45729
1772088.19245
1681120.17457
1650319.80693
1898966.81657
1891709.29323
2052772.48585
1888496.53886
1699532.93219
1592024.70349
1928655.13733
1891481.26463
2004523.70127
1944254.61259
1790740.76975
1783489.52012
2161747.66896
1892503.76325
1744376.12748
1718422.74826
1664039.9611
1654689.28223
1795663.35181
1738150.00214
1710184.13415
1712233.31041
1714258.67367
2036469.57403
1655906.01466
1593583.3753
1719502.24277
1786428.71253
1793822.05866
1719852.8231
1764461.57479
1713520.78507
1852605.92881
1745765.10015
1746409.32596
1710331.76265
2384129.63218
2953745.41612
1723094.52636
1812941.97144
1755057.3196
113768745.087
2440476.76331
1714739.21857
1777182.06331
1716263.14155
1929245.11374
1740650.23487
1861658.59064
2130768.88359
1731279.03578
1742675.77507
1736464.22557
1849478.0962
2099661.2898
1650864.85681
1687208.55288
1708487.66497
2259560.52777
2100242.02288
1716043.7252
1804905.70731
2362174.04921
1917161.83239
3377535.67366
1676715.23664
1816298.49946
2345883.31905
1821424.78284
2053452.63632
1776088.28868
1920644.10514
1998267.78748
2057072.80042
1832278.8697
1615154.68076
1723650.85494
1588098.17542
2157596.23126
1742522.27239
1668041.89641
1676001.73164
1893321.03327
1608980.29496
1778075.89816
1682264.91134
1679595.30775
2085802.74764
1756746.45378
1715151.45092
1735782.66906
1922923.66652
1659867.15875
1802361.57576
1708253.36322
1703112.898
1847620.4765
1680663.77277
1893031.75553
1745376.22582
1929245.11374
1704754.80826
1719428.8587
4112283.76925
1708395.13023
1807855.49909
1802767.46445
1739416.38037
1897558.5009
1718294.84233
1703170.54315
2078011.77171
1666062.85573
1529980.91918
1811602.42526
1862543.90099
1619456.1628
1855541.81572
1609020.70348
2222309.46935
1752596.36272
1756240.20998
1670087.9543
1688850.84529
1774632.89707
1578747.92405
1884782.59008
6537728.34752
1765465.85323
1693382.35841
1760894.91959
1823556.95699
1793281.70518
1913278.77067
1723032.12629
1753771.1578
1841477.8201
5254404.99916
1619097.78331
1704853.04945
2252856.32765
2369571.12714
2788597.14065
1747129.95541
1645325.28506
1769781.04429
1940867.37146
1689542.6921
1668498.97022
1846246.22693
1711340.91133
1685100.63754
1701878.25339
2363391.48728
1824268.78889
1615682.64483
1719972.6283
1902940.69203
1696046.71322
1556699.45056
1738586.21267
2187433.65936
1853470.31342
1890347.9851
1724122.35186
2412489.87669
1730208.25482
1698212.29615
1929245.11374
1800245.85473
1683855.20523
1759983.80897
1629605.52207
1877144.12752
1776864.88251
1742728.99227
1695903.81905
1729917.54239
1860497.97944
1707892.19673
1677549.10516
2454902.64047
2198923.34512
1750216.78247
1804600.49446
1659975.5598
1690639.38657
1929245.11374
1838555.06823
1862432.76387
2128170.88506
1685209.46339
1866023.47791
1896307.14585
1872735.7587
1866210.27081
1942508.61006
1723950.45397
1773927.3681
1743754.55867
1705423.97265
1710331.76638
1929245.11374
1929245.11374
1739018.28965
1903355.30819
1780565.72698
1744217.8066
1722546.22186
1813538.67359
1777582.45958
1605196.30854
1704005.33193
1708484.59776
1740562.06008
1847620.4765
1861323.56818
1829699.71998
1695710.31475
2069057.72272
1818813.56944
1883449.0034
1929245.11374
1929245.11374
1721214.9096
1798052.72285
1738914.50015
1958184.10335
1999945.8996
1956173.92458
1670723.93082
1659086.76731
1666037.57694
1705093.45282
1865308.73367
1656016.07263
1705933.73827
1795213.88205
1748713.45372
1805212.89259
1712732.98171
1789327.15301
1816417.32865
1805864.27145
1766987.36827
3022425.38864
1929245.11374
1714108.4856
1740148.24765
1861248.48405
1837854.16442
1727310.21341
1725511.1537
1758417.17223
1932406.7577
1793124.17533
1700324.70575
1929245.11615
2059899.77117
1768697.3895
1570989.98761
1929245.11374
1776999.09763
1844183.90692
1719019.67558
1726117.39203
1736296.0772
1897571.65792
1926465.9648
1828444.04775
2149565.32815
2316881.47638
1773905.52863
1708943.49362
1868804.21456
1766101.57061
1729655.95247
1735361.89272
1706447.65648
1758859.02166
1646006.1541
2284059.20942
2116411.09733
1852221.01267
2279685.84137
1700059.10982
1608020.91798
1664312.13392
1758850.93338
1929245.11374
1835198.95999
1962500.06083
1700487.59673
2254311.19908
1677626.13999
1727286.83231
1764548.8811
1952303.21018
1974207.03893
1650998.914
1820813.54935
1830647.48503
1971658.5922
1864608.60198
1893441.14158
1552758.79877
1930176.32518
1783301.31359
1896496.60179
1687392.80183
1800739.686
1929245.11374
1875036.02182
1771430.22621
1918273.3298
1723938.65682
1709169.66272
1929245.11374
1617802.36772
1763337.34563
1817600.43796
1748175.21293
1647254.11602
1772463.91301
1719106.57722
1929245.11374
2119584.96322
1848495.38215
1854414.76612
1823661.09927
1648089.55246
1822243.48489
1649898.74981
1840079.02013
1764273.60451
1867785.40356
1691213.75043
1689338.23625
1893031.75288
1641458.78398
1668763.60589
2649817.03988
1509011.48337
1904927.56817
1975027.23367
2009070.95323
2482851.91284
1741014.29458
1755627.73789
2080092.75028
1889534.34344
1774429.9946
1763513.42947
1708106.67586
1815557.61924
1768454.71344
1766872.01504
1750948.198
3484170.06013
1736928.20615
1678172.3046
2970832.40371
2486928.50698
1764287.91593
1620079.27961
1985495.30297
1821052.55654
1593141.75145
1627097.59249
2510860.51845
1773641.50076
1689947.82634
1591519.92129
1827847.82939
1772298.95042
1839352.17228
1891966.1608
1929245.11374
1781351.90031
2379110.42944
1716243.41243
1941457.30979
1691713.81006
1.73160155433e+11
1844618.73808
1655222.6654
1661223.34047
1844100.96902
1732726.217
1606631.67587
4431628.66093
2302754.57168
1954166.49419
2246514.26717
1651972.69968
1823061.30543
1629010.71988
1694809.65079
1690187.34482
1628087.25774
3177477.57556
1694260.79889
1677504.27713
1875412.96836
1782410.75732
1696390.31154
1818894.32736
2272661.42704
1756928.635
1770588.6969
1691126.75446
1757743.27894
1746473.83265
1623573.43796
1725540.64931
2676013.28172
1803572.16216
1875859.13691
1608982.7961
1679491.52386
1929245.11374
1715165.66347
1819522.82886
1957031.10653
1760782.9091
1810023.33056
1725308.30058
1678412.78421
1929245.11374
1882761.04927
1929245.11374
1929245.11374
1751832.07069
1808822.60939
1841665.61941
3690191.86053
1683307.75748
1669492.36809
2301347.30719
1619990.71995
1736638.01638
1922547.20611
1707137.4247
1758237.77527
1885562.99945
1777017.67036
1853665.88469
1913402.08182
1706733.66054
1963456.13162
1753115.72991
1753073.69115
1745136.0794
3979710.2405
1752427.37736
1824398.17588
1771495.46794
1683364.64491
1676093.97438
2068541.79572
1657660.93935
1887290.66979
1669892.08867
1920917.70085
1874528.06262
1711182.62637
1673142.45754
1633349.41725
2371636.57144
1857763.29068
1738475.80589
1762231.24545
1794132.66029
1893031.74535
1809019.10829
1692862.8276
1909747.57164
1939599.51945
1797970.75079
1741174.92016
1634376.77935
1715770.77554
1869943.74533
1771171.85118
2082503.04327
1929245.11615
1807477.98861
1967978.37544
1615909.35441
1806225.48141
1802808.65916
1728980.4741
1579055.17584
1672987.20183
1667141.95321
1812804.25925
2107715.96688
1760025.35211
1727708.23517
1641664.66221
1652822.42176
1929245.11374
1897524.45647
1795642.58025
1745128.74368
1793103.34053
84879110887.9
1845140.77782
2783716.33634
1874238.68153
1849974.32427
1714192.78141
4453504.67341
1780661.16978
1979788.24039
1724722.4707
3482114.85014
1679982.79555
2067338.2877
1635063.66341
1586584.2222
1798316.46536
1776995.27724
1733911.0318
1735514.79187
1732751.47593
1685462.64807
1719363.2805
1778705.23749
1877434.24483
1826311.69173
2584402.39162
1655066.99501
1739131.05684
1679300.82431
1705469.37151
1724047.41341
1822004.52503
2180035.38666
4529144.32741
2072005.34901
1792977.95113
1720788.42171
1852630.53343
1651095.67176
1742985.05092
1682800.11107
2060606.8742
1867103.31697
1768518.2283
2372311.80472
1813706.57271
1897523.0484
3132444.82396
1678767.43646
1784717.28567
1757137.73861
1847620.4765
1666952.35641
1953000.09241
2060737.4556
1605196.30854
1764115.66144
1694101.11329
1962906.23549
1711742.28838
1909640.89912
1726254.72813
1907084.15998
1715301.26597
1721265.68065
1804689.91932
2226364.6469
1977887.61492
1756924.4414
2021045.70883
1612827.30791
1771630.71837
1895886.67699
2006342.02339
1892712.94787
2646666.99005
1929245.11374
1776818.92948
1838128.78769
1833763.94907
1811991.35316
1892633.96882
1785040.42395
1753920.43634
1723736.4895
2839609.39443
1690085.84848
1613174.86329
1680708.12734
1879438.10447
1709257.84504
1929245.11374
3034633.69764
2566342.4037
1772682.09398
3189669.63717
1655187.1279
1728980.31364
1847620.4765
1649780.29213
1916571.10428
2107715.96688
252261503.767
1832901.30466
2285646.95443
1856904.60875
1677245.38562
1929245.11374
1836803.21572
1684757.55421
2652805.73883
1853349.19898
1809522.88963
1769207.89565
1743724.04383
1492787.00581
1929138.32941
1708253.12109
1902155.04615
1896372.22377
1781720.95602
1929245.11374
1779370.10209
2459844.75904
1717266.1373
1825090.20403
1976415.81034
4515976.44325
2480975.24086
2493343.41839
1709003.76107
1663798.77223
1680303.5102
1885113.0483
1899610.2974
2153928.82044
1754386.69769
1742328.57269
1747672.63556
1847620.4765
1711498.10106
1786499.82045
1838543.62739
1830099.6073
1827806.02655
1877693.99284
1685362.20098
1805823.26016
1727354.61101
3001465.08917
1656460.6946
1708891.67607
1713595.17292
1949625.88014
1685976.65687
1860854.37742
1661699.00571
2398904.67897
1840688.98616
2107715.96688
1700581.79921
1740108.29669
1649427.16765
1691812.33091
1732726.217
1614576.0778
1672424.8389
3526457.28442
1692711.96372
1691723.42188
1746754.31067
2012585.32775
1733251.1439
1849755.60022
1688041.58694
1757208.87609
2277809.36623
1644559.483
1703112.898
1788771.20701
1789828.26227
2164862.10253
1580923.69385
1729960.03506
146626028.658
1929245.11374
1720710.75391
1626429.77005
1804675.08391
10456713.9096
1707176.96538
1745597.82292
1759717.53745
1636969.66315
1790140.70223
1696413.73034
1790242.14697
1702528.63934
1704899.39827
1945212.02529
1711167.24873
1914722.91691
1699371.7127
2537237.6906
1644462.09494
2653775.75578
1929245.11615
2621326.32138
1662823.45709
2286727.36859
1845891.54794
1785970.13395
1628090.21284
1657117.09801
1841238.63154
1764750.58275
1670478.26654
1691071.28112
2298002.13153
1708150.48614
1902940.83643
1729811.41709
1691936.41687
1777359.30628
1560048.1077
1786655.72151
1929245.11374
