2.27036664912e6 1665461.28000
2.28545693423e6 1704838.83235
2.34626450935e6 1735257.94954
2.32267551892e6 1709662.60590
2.28772360806e6 1714502.69190
2.31509518133e6 1744630.59262
2.31925544696e6 1720002.31638
2.25768919277e6 1714002.79600
2.25836607923e6 1658309.06955
2.35308944117e6 1735523.47867
2.29517563868e6 1681790.51012
2.29435594674e6 1704838.83235
2.29725250394e6 1959529.87881
2.27644320302e6 1836838.19553
2.31369266020e6 1691969.06649
2.32297215817e6 1659061.21319
2.32449970675e6 1650319.80693
2.32019215372e6 1647254.11602
2.32808700836e6 1657431.38810