3910266.365519623
4153860.5353880296
2906953.5383816627
4826663.364197262
3081197.600779921
4690304.341805795
3758324.5824343525
4284241.5517292265
4157571.9267932894
4970143.64597157
4530187.864022096
3624825.698575017
2027307.7571623144
4355788.637706082
3457356.6783122253
4389204.227175384
5301045.571117547
3432745.545787614
3642685.4781558933
4193269.021537997
3735651.4971483457
3540747.9636270264
4961261.259857951
4601901.135196008
4804286.409554746
4112821.77952315
4486833.445466146
4847804.05575642