3826040.4031616356
4366946.2506824285
3881984.1111604096
4037176.9980649
3806852.6042209393
5197399.811086948
4037147.9114579596
5318954.3079948835
3971587.596692254
4708154.867668381
5489709.3310214225
3762038.2109596636
3628282.760496237
4697924.960238685
3361341.2922153673
4548776.097471144
5636615.586043122
4365325.448900292
4140777.048728056
3477507.2390638827
4076414.234390593
4693120.4007022595
5001773.324030464
4131597.187435585
4215882.481456983
3671932.967538658
3974899.3415969843
4713267.19881539