3924143.2924807575
4728052.186885323
3888641.2809025515
4028473.4076236067
3219831.629473498
5628194.109945291
3997688.130894363
3578375.207037177
3781899.581115797
5173567.2091674395
5376538.76453043
3561452.6780751944
2083324.974715691
4538812.233981267
2764260.0911739226
4421193.157065673
5788256.358573096
3310941.341090046
3612593.4311927427
3751792.830182072
4232815.56293387
3082219.3470868263
5980317.525030517
4339669.17700191
4524478.1360547785
3991711.4781627394
3903312.229182422
6344165.581779836